4379
1553
543
291
1
1
2459
583
291
2
3
2
1
623
331
1
4
1
623
291
1
4
579
663
291
2
6
5
1
703
331
1
7
1
703
291
1
7
2221
743
291
2
8
9
1
783
291
1
10
1
783
331
1
10
546
823
291
2
11
12
1
863
291
1
13
1
863
331
1
13
219
903
291
2
14
15
1
943
291
1
16
1
943
331
1
16
3005
983
291
2
17
18
1
1023
291
1
19
1
1023
331
1
19
1290
1063
291
2
20
21
1
1103
291
1
22
1
1103
331
1
22
230
1143
291
2
23
24
1
1183
291
1
25
1
1183
331
1
25
2571
1223
291
2
26
27
1
1263
291
1
28
1
1263
331
1
28
1439
1303
291
2
29
30
1
1343
291
1
31
1
1343
331
1
31
312
1383
291
2
32
33
1
1423
291
1
34
1
1423
331
1
34
371
1463
291
2
35
36
1
1503
291
1
37
1
1503
331
1
37
1010
1543
291
2
38
39
24
1583
291
1
39
3331
1623
291
2
40
41
1
1663
291
1
42
1
1663
331
1
42
621
1703
291
2
43
44
1
1743
291
1
45
1
1743
331
1
45
1179
1783
291
2
46
47
1
1823
291
1
48
1
1823
331
1
48
3983
1863
291
2
49
50
1
1903
291
1
51
1
1903
331
1
51
527
1943
291
2
52
53
1
1983
291
1
54
1
1983
331
1
54
143
2023
291
2
55
56
1
2063
291
1
57
1
2063
331
1
57
1008
2103
291
2
58
59
1
2143
291
1
60
1
2143
331
1
60
5029
2183
291
2
61
62
1
2223
291
1
63
1
2223
331
1
63
373
2263
291
2
64
65
1
2303
291
1
66
1
2303
331
1
66
814
2343
291
2
67
68
1
2383
291
1
69
1
2383
331
1
69
533
2423
291
2
70
71
1
2463
291
1
72
1
2463
331
1
72
5026
2503
291
2
73
74
1
2543
291
1
75
1
2543
331
1
75
2546
2583
291
2
76
77
1
2623
291
1
78
1
2623
331
1
78
4814
2663
291
2
79
80
1
2703
291
1
81
1
2703
331
1
81
7767
2743
291
2
82
83
3
2783
291
1
83
6428
2823
291
2
84
85
1
2863
291
1
86
1
2863
331
1
86
67
2903
291
2
87
88
1
2943
291
1
89
1
2943
331
1
89
3610
2983
291
2
90
91
1
3023
291
1
92
1
3023
331
1
92
824
3063
291
2
93
94
1
3103
291
1
95
1
3103
331
1
95
4261
3143
291
2
96
97
1
3183
291
1
98
1
3183
331
1
98
68
3223
291
2
99
100
1
3263
291
1
101
1
3263
331
1
101
519
3303
291
2
102
103
1
3343
291
1
104
1
3343
331
1
104
248
3383
291
2
106
105
37
3383
331
1
106
4355
3423
291
2
107
108
1
3463
291
1
109
1
3463
331
1
109
1997
3503
291
2
110
111
1
3543
291
1
112
1
3543
331
1
112
644
3583
291
2
113
114
1
3623
291
1
115
1
3623
331
1
115
921
3663
291
2
117
116
9
3663
331
1
117
996
3703
291
2
118
119
1
3743
291
1
120
1
3743
331
1
120
30
3783
291
2
121
122
1
3823
291
1
123
1
3823
331
1
123
1107
3863
291
2
124
125
1
3903
291
1
126
1
3903
331
1
126
3960
3943
291
2
127
128
1
3983
291
1
129
1
3983
331
1
129
3413
4023
291
2
130
131
1
4063
291
1
132
1
4063
331
1
132
850
4103
291
2
133
134
1
4143
291
1
135
1
4143
331
1
135
4887
4183
291
2
136
137
1
4223
291
1
138
1
4223
331
1
138
3836
4263
291
2
139
140
1
4303
291
1
141
1
4303
331
1
141
4187
4343
291
2
142
143
1
4383
291
1
144
1
4383
331
1
144
1086
4423
291
2
145
146
1028
4463
291
1
157
1061
4463
331
2
147
148
27
4503
291
1
149
27
4503
331
1
149
44
4543
291
3
150
151
152
15
4583
291
1
153
15
4583
331
1
153
15
4583
371
1
153
23
4623
291
3
154
155
156
19
4663
291
1
157
19
4663
331
1
157
19
4663
371
1
157
12816
4703
291
2
158
159
1
4743
291
1
160
1
4743
331
1
160
4228
4783
291
2
161
162
1
4823
291
1
163
1
4823
331
1
163
373
4863
291
2
164
165
1
4903
291
1
166
1
4903
331
1
166
1814
4943
291
2
167
168
1
4983
291
1
169
1
4983
331
1
169
1532
5023
291
2
171
170
1
5023
331
1
171
4909
5063
291
2
172
173
272
5103
291
1
174
1915
5103
331
1
174
1185
5143
291
2
175
176
1
5183
291
1
177
1
5183
331
1
177
4169
5223
291
2
178
179
1
5263
291
1
180
1
5263
331
1
180
5252
5303
291
2
181
182
1
5343
291
1
183
1
5343
331
1
183
2824
5383
291
2
184
185
1
5423
291
1
186
1
5423
331
1
186
142
5463
291
2
187
188
1
5503
291
1
189
1
5503
331
1
189
4030
5543
291
2
190
191
84
5583
291
1
191
824
5623
291
2
192
193
1
5663
291
1
194
1
5663
331
1
194
3017
5703
291
2
196
195
53
5703
331
1
196
43
5743
291
2
197
198
1
5783
291
1
199
1
5783
331
1
199
8582
5823
291
2
200
201
1
5863
291
1
202
1
5863
331
1
202
9784
5903
291
2
203
204
1
5943
291
1
205
1
5943
331
1
205
5205
5983
291
2
206
207
1
6023
291
1
208
1
6023
331
1
208
5972
6063
291
2
209
210
1
6103
291
1
211
1
6103
331
1
211
4969
6143
291
2
212
213
1
6183
291
1
214
1
6183
331
1
214
17538
6223
291
2
215
216
1
6263
291
1
217
1
6263
331
1
217
2087
6303
291
2
218
219
1
6343
291
1
220
1
6343
331
1
220
3816
6383
291
2
221
222
1
6423
291
1
223
1
6423
331
1
223
6860
6463
291
2
225
224
1
6463
331
1
225
3284
6503
291
2
226
227
1
6543
291
1
228
1
6543
331
1
228
1551
6583
291
2
229
230
1
6623
291
1
231
1
6623
331
1
231
1380
6663
291
2
232
233
1
6703
291
1
234
1
6703
331
1
234
105
6743
291
2
235
236
1
6783
291
1
237
1
6783
331
1
237
1668
6823
291
2
238
239
1
6863
291
1
240
1
6863
331
1
240
823
6903
291
2
241
242
1
6943
291
1
243
1
6943
331
1
243
2451
6983
291
2
244
245
1
7023
291
1
246
1
7023
331
1
246
1986
7063
291
2
247
248
1
7103
291
1
249
1
7103
331
1
249
318
7143
291
2
250
251
1
7183
291
1
252
1
7183
331
1
252
4485
7223
291
2
253
254
1
7263
291
1
255
1
7263
331
1
255
6898
7303
291
2
256
257
1
7343
291
1
258
1
7343
331
1
258
1169
7383
291
2
259
260
1
7423
291
1
261
1
7423
331
1
261
375
7463
291
2
262
263
1
7503
291
1
264
1
7503
331
1
264
7847
7543
291
2
265
266
1
7583
291
1
267
1
7583
331
1
267
8411
7623
291
2
268
269
1
7663
291
1
270
1
7663
331
1
270
3684
7703
291
2
271
272
1
7743
291
1
273
1
7743
331
1
273
7270
7783
291
2
274
275
1
7823
291
1
276
1
7823
331
1
276
864
7863
291
2
277
278
1
7903
291
1
279
1
7903
331
1
279
557
7943
291
2
280
281
1
7983
291
1
282
1
7983
331
1
282
3564
8023
291
2
283
284
1
8063
291
1
285
1
8063
331
1
285
867
8103
291
2
286
287
1
8143
291
1
288
1
8143
331
1
288
834
8183
291
2
290
289
75
8183
331
1
290
3368
8223
291
2
291
292
15
8263
291
1
292
1088
8303
291
2
293
294
1
8343
291
1
295
1
8343
331
1
295
1724
8383
291
2
296
297
1
8423
291
1
298
1
8423
331
1
298
5354
8463
291
2
299
300
1
8503
291
1
301
1
8503
331
1
301
285
8543
291
2
302
303
1
8583
291
1
304
1
8583
331
1
304
4000
8623
291
2
305
306
1
8663
291
1
307
1
8663
331
1
307
726
8703
291
2
308
309
1
8743
291
1
310
1
8743
331
1
310
2799
8783
291
2
311
312
1
8823
291
1
313
1
8823
331
1
313
1520
8863
291
2
314
315
1
8903
291
1
316
1
8903
331
1
316
334
8943
291
2
317
318
1
8983
291
1
319
1
8983
331
1
319
5315
9023
291
2
320
321
1
9063
291
1
322
1
9063
331
1
322
4253
9103
291
2
323
324
1
9143
291
1
325
1
9143
331
1
325
605
9183
291
2
326
327
1
9223
291
1
328
1
9223
331
1
328
551
9263
291
2
329
330
1
9303
291
1
331
1
9303
331
1
331
87
9343
291
2
332
333
1
9383
291
1
334
1
9383
331
1
334
715
9423
291
2
335
336
1
9463
291
1
337
1
9463
331
1
337
4970
9503
291
2
338
339
1
9543
291
1
340
1
9543
331
1
340
15581
9583
291
2
341
342
1
9623
291
1
343
1
9623
331
1
343
33
9663
291
2
344
345
1
9703
291
1
346
1
9703
331
1
346
203
9743
291
2
347
348
65
9783
291
1
349
65
9783
331
1
349
24
9823
291
2
350
351
4
9863
291
1
352
4
9863
331
1
352
977
9903
291
2
353
354
3294
9943
291
1
372
360
9943
331
2
355
367
92
9983
291
2
368
356
560
9983
331
2
358
357
1293
9983
331
1
358
929
10023
291
4
359
360
361
365
4
10063
291
1
362
1410
10063
331
1
366
4
10063
371
1
362
527
10103
291
2
363
364
21
10143
291
1
364
396
10183
291
1
366
1018
10063
411
1
366
478
10223
291
1
368
3193
9983
331
1
368
225
10263
291
2
369
370
1000
10303
291
1
371
31
10303
331
1
371
369
10343
291
1
372
580
10383
291
3
375
373
374
8
10383
331
1
376
18
10383
371
1
375
89
10423
291
1
376
1866
10463
291
2
377
378
1
10503
291
1
379
1
10503
331
1
379
178
10543
291
2
381
380
39
10543
331
1
381
43
10583
291
2
382
409
201
10623
291
2
383
384
550
10663
291
1
410
84
10663
331
5
385
386
387
388
389
4908
10703
291
1
410
19
10703
331
1
390
2901
10703
371
1
391
382
10703
411
1
394
19
10703
451
1
390
167
10743
291
1
391
26
10783
291
2
392
393
713
10823
291
1
394
26
10823
331
1
394
23
10863
291
2
395
396
24
10903
291
1
397
105
10903
331
1
397
26
10943
291
2
398
399
1
10983
291
1
400
1
10983
331
1
400
48
11023
291
2
401
402
25
11063
291
1
403
25
11063
331
1
403
51
11103
291
2
404
405
2
11143
291
1
406
2
11143
331
1
406
30
11183
291
2
407
408
1
11223
291
1
410
1
11223
331
1
410
5478
10623
331
1
410
26
11263
291
2
411
412
1
11303
291
1
413
1
11303
331
1
413
3906
11343
291
2
414
415
1
11383
291
1
416
1
11383
331
1
416
3464
11423
291
2
417
418
1
11463
291
1
419
1
11463
331
1
419
10252
11503
291
2
420
421
1
11543
291
1
422
1
11543
331
1
422
5826
11583
291
2
423
424
1
11623
291
1
425
1
11623
331
1
425
2522
11663
291
2
426
427
1
11703
291
1
428
1
11703
331
1
428
634
11743
291
2
429
430
1
11783
291
1
431
1
11783
331
1
431
7621
11823
291
2
432
433
1
11863
291
1
434
1
11863
331
1
434
136
11903
291
3
435
436
437
31
11943
291
1
437
30
11943
331
1
437
799
11983
291
2
438
439
1
12023
291
1
440
1
12023
331
1
440
2625
12063
291
2
441
442
1
12103
291
1
443
1
12103
331
1
443
7651
12143
291
2
444
445
1
12183
291
1
446
1
12183
331
1
446
1153
12223
291
2
447
448
1
12263
291
1
449
1
12263
331
1
449
897
12303
291
2
450
451
1
12343
291
1
452
1
12343
331
1
452
1554
12383
291
2
453
454
1
12423
291
1
455
1
12423
331
1
455
3045
12463
291
2
456
457
1
12503
291
1
458
1
12503
331
1
458
5777
12543
291
2
459
460
1
12583
291
1
461
1
12583
331
1
461
1098
12623
291
2
462
463
1
12663
291
1
464
1
12663
331
1
464
1185
12703
291
2
465
466
1
12743
291
1
467
1
12743
331
1
467
1055
12783
291
2
469
468
2526
12783
331
1
469
3828
12823
291
2
470
471
1
12863
291
1
472
1
12863
331
1
472
1018
12903
291
2
473
474
1
12943
291
1
475
1
12943
331
1
475
3382
12983
291
2
476
477
1
13023
291
1
478
1
13023
331
1
478
890
13063
291
2
479
480
1
13103
291
1
481
1
13103
331
1
481
478
13143
291
2
482
483
1
13183
291
1
484
1
13183
331
1
484
3251
13223
291
2
485
486
1
13263
291
1
487
1
13263
331
1
487
1184
13303
291
2
488
489
1
13343
291
1
490
1
13343
331
1
490
296
13383
291
2
491
492
1
13423
291
1
493
1
13423
331
1
493
5521
13463
291
2
494
495
1
13503
291
1
496
1
13503
331
1
496
4084
13543
291
3
499
497
498
102
13543
331
1
499
51
13543
371
1
499
1151
13583
291
2
500
502
60
13623
291
2
501
502
426
13663
291
1
502
1487
13703
291
3
503
504
505
297
13743
291
1
506
1048
13743
331
1
506
464
13743
371
1
506
173
13783
291
2
507
508
15
13823
291
1
508
2650
13863
291
3
511
509
510
2804
13863
331
1
511
30
13863
371
1
511
7261
13903
291
2
512
513
1
13943
291
1
514
1
13943
331
1
514
1997
13983
291
2
515
516
1
14023
291
1
517
1
14023
331
1
517
1480
14063
291
2
518
519
1
14103
291
1
520
1
14103
331
1
520
3562
14143
291
2
521
522
1
14183
291
1
523
1
14183
331
1
523
5394
14223
291
2
524
525
1
14263
291
1
526
1
14263
331
1
526
623
14303
291
2
527
528
1
14343
291
1
529
1
14343
331
1
529
1683
14383
291
2
530
531
1
14423
291
1
532
1
14423
331
1
532
2001
14463
291
2
533
534
1
14503
291
1
535
1
14503
331
1
535
238
14543
291
2
536
537
1
14583
291
1
538
1
14583
331
1
538
41
14623
291
2
539
540
1
14663
291
1
541
1
14663
331
1
541
15507
14703
291
2
542
543
1
14743
291
1
544
1
14743
331
1
544
1901
14783
291
2
545
546
1
14823
291
1
546
603
14863
291
2
547
548
1
14903
291
1
549
1
14903
331
1
549
829
14943
291
2
550
551
1
14983
291
1
552
1
14983
331
1
552
1475
15023
291
2
553
554
1
15063
291
1
555
1
15063
331
1
555
221
15103
291
2
556
557
1
15143
291
1
558
1
15143
331
1
558
342
15183
291
2
559
560
1
15223
291
1
561
1
15223
331
1
561
1267
15263
291
2
562
563
1
15303
291
1
564
1
15303
331
1
564
7382
15343
291
2
565
566
1
15383
291
1
567
1
15383
331
1
567
15432
15423
291
2
568
569
1
15463
291
1
570
1
15463
331
1
570
3326
15503
291
2
571
572
1
15543
291
1
573
1
15543
331
1
573
764
15583
291
2
574
575
1
15623
291
1
576
1
15623
331
1
576
409
15663
291
2
577
578
1
15703
291
1
579
1
15703
331
1
579
1689
15743
291
2
580
581
1
15783
291
1
582
1
15783
331
1
582
2221
15823
291
2
583
584
1
15863
291
1
585
1
15863
331
1
585
1242
15903
291
2
586
587
1
15943
291
1
588
1
15943
331
1
588
1186
15983
291
2
589
590
1
16023
291
1
591
1
16023
331
1
591
3150
16063
291
2
592
593
1
16103
291
1
594
1
16103
331
1
594
8861
16143
291
2
596
595
1
16143
331
1
596
9503
16183
291
2
597
598
10
16223
291
1
599
10
16223
331
1
599
581
16263
291
2
600
601
1
16303
291
1
602
1
16303
331
1
602
6169
16343
291
2
603
604
1
16383
291
1
605
1
16383
331
1
605
2817
16423
291
2
606
607
1
16463
291
1
608
1
16463
331
1
608
3915
16503
291
2
609
610
1
16543
291
1
611
1
16543
331
1
611
1097
16583
291
2
612
613
1
16623
291
1
614
1
16623
331
1
614
3445
16663
291
2
615
616
1
16703
291
1
617
1
16703
331
1
617
2802
16743
291
2
618
619
1
16783
291
1
620
1
16783
331
1
620
6420
16823
291
2
621
622
1
16863
291
1
623
1
16863
331
1
623
1033
16903
291
2
624
625
1
16943
291
1
626
1
16943
331
1
626
12037
16983
291
2
627
628
1
17023
291
1
629
1
17023
331
1
629
1304
17063
291
2
630
631
1
17103
291
1
632
1
17103
331
1
632
3755
17143
291
2
633
634
1
17183
291
1
635
1
17183
331
1
635
267
17223
291
3
636
637
638
58
17263
291
1
638
116
17263
331
1
638
3370
17303
291
2
639
640
2
17343
291
1
641
26
17343
331
1
641
6267
17383
291
2
642
643
1
17423
291
1
644
1
17423
331
1
644
995
17463
291
2
645
646
1
17503
291
1
647
1
17503
331
1
647
881
17543
291
2
648
649
1
17583
291
1
650
1
17583
331
1
650
1492
17623
291
2
651
652
1
17663
291
1
653
1
17663
331
1
653
5069
17703
291
2
654
655
1
17743
291
1
656
1
17743
331
1
656
1327
17783
291
2
657
658
1
17823
291
1
658
1640
17863
291
2
659
660
1
17903
291
1
661
1
17903
331
1
661
9855
17943
291
2
662
663
1
17983
291
1
664
1
17983
331
1
664
137
18023
291
2
666
665
1
18023
331
1
666
1650
18063
291
2
667
668
1
18103
291
1
669
1
18103
331
1
669
11006
18143
291
2
670
671
1
18183
291
1
672
1
18183
331
1
672
2329
18223
291
2
674
673
120
18223
331
1
674
360
18263
291
2
675
676
1
18303
291
1
677
1
18303
331
1
677
138
18343
291
3
678
679
680
1
18383
291
1
681
1
18383
331
1
681
106
18383
371
1
681
6820
18423
291
2
682
683
1
18463
291
1
684
1
18463
331
1
684
2577
18503
291
2
685
686
1
18543
291
1
687
1
18543
331
1
687
2052
18583
291
2
688
689
1
18623
291
1
690
1
18623
331
1
690
3465
18663
291
2
691
692
1
18703
291
1
693
1
18703
331
1
693
8902
18743
291
2
694
695
1
18783
291
1
696
1
18783
331
1
696
1512
18823
291
2
697
698
1
18863
291
1
699
1
18863
331
1
699
9864
18903
291
2
700
701
1
18943
291
1
702
1
18943
331
1
702
7231
18983
291
2
703
704
1
19023
291
1
705
1
19023
331
1
705
2785
19063
291
2
706
707
1
19103
291
1
708
1
19103
331
1
708
3764
19143
291
3
709
710
713
9
19183
291
1
710
38
19223
291
2
712
711
9
19223
331
1
712
199
19263
291
1
714
1000
19183
371
1
714
99
19303
291
2
715
716
1000
19343
291
1
717
10
19343
331
1
717
148
19383
291
2
719
718
9
19383
331
1
719
1643
19423
291
2
720
721
1
19463
291
1
722
1
19463
331
1
722
4761
19503
291
2
723
724
1
19543
291
1
725
1
19543
331
1
725
625
19583
291
2
726
727
1
19623
291
1
728
1
19623
331
1
728
238
19663
291
2
729
730
1
19703
291
1
731
1
19703
331
1
731
491
19743
291
2
732
733
1
19783
291
1
734
1
19783
331
1
734
4023
19823
291
2
735
736
1
19863
291
1
737
1
19863
331
1
737
1510
19903
291
2
738
739
1
19943
291
1
740
1
19943
331
1
740
3492
19983
291
2
741
742
1
20023
291
1
743
1
20023
331
1
743
718
20063
291
2
744
745
1
20103
291
1
746
1
20103
331
1
746
2171
20143
291
2
747
748
1
20183
291
1
749
1
20183
331
1
749
3588
20223
291
2
750
751
1
20263
291
1
752
1
20263
331
1
752
250
20303
291
2
753
754
1
20343
291
1
755
1
20343
331
1
755
1095
20383
291
2
756
757
1
20423
291
1
758
1
20423
331
1
758
675
20463
291
2
759
760
1
20503
291
1
761
1
20503
331
1
761
4759
20543
291
2
762
763
1
20583
291
1
764
1
20583
331
1
764
684
20623
291
2
765
766
1
20663
291
1
766
358
20703
291
2
767
768
1
20743
291
1
769
1
20743
331
1
769
1257
20783
291
2
770
771
1
20823
291
1
772
1
20823
331
1
772
1509
20863
291
2
773
774
1
20903
291
1
775
1
20903
331
1
775
1664
20943
291
2
776
777
1
20983
291
1
778
1
20983
331
1
778
1287
21023
291
2
780
779
1
21023
331
1
780
1205
21063
291
2
781
782
1
21103
291
1
783
1
21103
331
1
783
1285
21143
291
2
784
785
1
21183
291
1
786
1
21183
331
1
786
5815
21223
291
2
787
788
1
21263
291
1
789
1
21263
331
1
789
8133
21303
291
2
790
791
1
21343
291
1
792
1
21343
331
1
792
1623
21383
291
2
793
794
1
21423
291
1
795
1
21423
331
1
795
5901
21463
291
2
796
797
1
21503
291
1
798
1
21503
331
1
798
19726
21543
291
2
799
800
1
21583
291
1
801
1
21583
331
1
801
495
21623
291
2
802
803
1
21663
291
1
804
1
21663
331
1
804
6412
21703
291
3
805
806
807
16
21743
291
1
808
16
21743
331
1
808
16
21743
371
1
808
44
21783
291
2
809
810
1
21823
291
1
811
1
21823
331
1
811
5329
21863
291
2
812
813
1
21903
291
1
814
1
21903
331
1
814
3421
21943
291
2
815
816
1
21983
291
1
817
1
21983
331
1
817
1154
22023
291
2
818
819
1
22063
291
1
820
1
22063
331
1
820
4576
22103
291
2
821
822
1
22143
291
1
823
1
22143
331
1
823
4885
22183
291
2
824
825
1
22223
291
1
826
1
22223
331
1
826
53
22263
291
2
828
827
1
22303
331
1
829
1
22303
291
1
829
815
22343
291
2
830
831
1
22383
291
1
832
1
22383
331
1
832
291
22423
291
2
833
834
1
22463
291
1
835
1
22463
331
1
835
11733
22503
291
2
836
837
1
22543
291
1
838
1
22543
331
1
838
1958
22583
291
2
839
840
1
22623
291
1
841
1
22623
331
1
841
1931
22663
291
2
842
843
1
22703
291
1
844
1
22703
331
1
844
5115
22743
291
4
845
846
847
848
359
22783
291
1
848
216
22783
331
1
848
162
22783
371
1
848
10499
22823
291
2
849
850
54
22863
291
1
850
1010
22903
291
2
851
852
1
22943
291
1
853
1
22943
331
1
853
6005
22983
291
2
854
855
1
23023
291
1
856
1
23023
331
1
856
1288
23063
291
2
857
858
1
23103
291
1
859
1
23103
331
1
859
2106
23143
291
2
860
861
1
23183
291
1
862
1
23183
331
1
862
1997
23223
291
2
863
864
1
23263
291
1
865
1
23263
331
1
865
6076
23303
291
2
866
867
1
23343
291
1
868
1
23343
331
1
868
125
23383
291
2
869
870
1
23423
291
1
871
1
23423
331
1
871
5576
23463
291
2
873
872
62
23463
331
1
873
81
23503
291
2
874
875
48
23543
291
1
875
2740
23583
291
2
876
877
84
23623
291
1
877
124
23663
291
2
879
878
87
23663
331
1
879
68
23703
291
2
880
881
1617
23743
291
1
885
23
23743
331
2
882
883
1
23783
291
1
884
1
23783
331
1
884
255
23823
291
1
885
173
23863
291
2
886
887
1
23903
291
1
888
1
23903
331
1
888
1412
23943
291
2
889
890
1
23983
291
1
891
1
23983
331
1
891
6900
24023
291
2
892
893
30
24063
291
1
893
1494
24103
291
2
894
898
98
24143
291
2
895
896
1166
24183
291
1
897
1000
24183
331
1
897
95
24223
291
1
898
2374
24263
291
2
899
900
1
24303
291
1
901
1
24303
331
1
901
779
24343
291
2
902
903
1
24383
291
1
904
1
24383
331
1
904
131
24423
291
2
905
906
1
24463
291
1
907
1
24463
331
1
907
430
24503
291
2
909
908
1
24503
331
1
909
5797
24543
291
2
910
911
1
24583
291
1
912
1
24583
331
1
912
5778
24623
291
2
913
914
2
24663
291
1
915
2
24663
331
1
915
7236
24703
291
2
916
917
1
24743
291
1
918
1
24743
331
1
918
1767
24783
291
2
919
920
2
24823
291
1
920
6691
24863
291
2
921
922
1
24903
291
1
923
1
24903
331
1
923
3457
24943
291
2
924
925
1
24983
291
1
926
1
24983
331
1
926
4035
25023
291
3
932
927
928
2030
25023
331
1
941
1356
25023
371
3
929
930
931
1189
25063
291
1
932
3
25063
331
1
932
3
25063
371
1
932
169
25103
291
2
933
934
1
25143
291
1
935
1
25143
331
1
935
168
25183
291
2
936
937
1
25223
291
1
938
1
25223
331
1
938
292
25263
291
2
939
940
1
25303
291
1
941
1
25303
331
1
941
2721
25343
291
2
942
943
1
25383
291
1
944
1
25383
331
1
944
713
25423
291
2
945
946
1
25463
291
1
947
1
25463
331
1
947
2485
25503
291
2
948
949
1
25543
291
1
950
1
25543
331
1
950
6979
25583
291
2
951
952
1
25623
291
1
953
1
25623
331
1
953
1276
25663
291
2
954
955
1
25703
291
1
956
1
25703
331
1
956
1666
25743
291
2
957
958
1
25783
291
1
959
1
25783
331
1
959
10565
25823
291
2
960
961
1
25863
291
1
962
1
25863
331
1
962
187
25903
291
2
963
964
58
25943
291
1
964
1771
25983
291
2
965
966
1
26023
291
1
967
1
26023
331
1
967
2372
26063
291
2
968
969
1
26103
291
1
970
1
26103
331
1
970
2986
26143
291
2
971
972
1
26183
291
1
973
1
26183
331
1
973
1006
26223
291
2
974
975
1
26263
291
1
976
1
26263
331
1
976
603
26303
291
2
977
978
1
26343
291
1
979
1
26343
331
1
979
632
26383
291
2
980
981
9
26423
291
1
981
332
26463
291
2
982
983
1
26503
291
1
984
1
26503
331
1
984
3639
26543
291
2
985
986
1
26583
291
1
987
1
26583
331
1
987
2247
26623
291
2
988
989
1
26663
291
1
990
1
26663
331
1
990
7488
26703
291
2
991
992
1
26743
291
1
993
1
26743
331
1
993
7761
26783
291
2
994
995
1
26823
291
1
996
1
26823
331
1
996
1752
26863
291
2
998
997
2166
26863
331
1
998
5247
26903
291
2
999
1000
1
26943
291
1
1001
1
26943
331
1
1001
3397
26983
291
2
1002
1003
1
27023
291
1
1004
1
27023
331
1
1004
1244
27063
291
3
1005
1006
1007
53
27103
291
1
1007
106
27103
331
1
1007
3806
27143
291
2
1008
1009
1
27183
291
1
1010
1
27183
331
1
1010
554
27223
291
2
1011
1012
1
27263
291
1
1013
1
27263
331
1
1013
278
27303
291
2
1014
1015
144
27343
291
1
1015
1326
27383
291
2
1016
1017
1
27423
291
1
1018
1
27423
331
1
1018
2163
27463
291
2
1020
1019
9
27463
331
1
1020
266
27503
291
2
1021
1022
1
27543
291
1
1022
302
27583
291
2
1024
1023
63
27583
331
1
1024
42
27623
291
2
1026
1025
75
27623
331
1
1026
607
27663
291
2
1027
1028
1
27703
291
1
1028
7173
27743
291
2
1030
1029
2
27743
331
1
1030
2797
27783
291
2
1031
1032
1
27823
291
1
1033
1
27823
331
1
1033
3076
27863
291
2
1034
1035
1
27903
291
1
1036
1
27903
331
1
1036
3681
27943
291
2
1037
1038
1
27983
291
1
1039
1
27983
331
1
1039
2265
28023
291
2
1040
1041
1
28063
291
1
1042
1
28063
331
1
1042
4616
28103
291
2
1043
1044
1
28143
291
1
1045
1
28143
331
1
1045
13351
28183
291
2
1046
1047
1
28223
291
1
1048
1
28223
331
1
1048
5815
28263
291
2
1049
1050
1
28303
291
1
1051
1
28303
331
1
1051
13568
28343
291
2
1052
1053
1
28383
291
1
1054
1
28383
331
1
1054
2090
28423
291
2
1055
1056
1
28463
291
1
1057
1
28463
331
1
1057
1497
28503
291
2
1058
1059
1
28543
291
1
1060
1
28543
331
1
1060
6779
28583
291
2
1062
1061
1
28583
331
1
1062
2537
28623
291
2
1063
1064
1
28663
291
1
1065
1
28663
331
1
1065
942
28703
291
2
1066
1067
1
28743
291
1
1068
1
28743
331
1
1068
5350
28783
291
2
1069
1070
1
28823
291
1
1071
1
28823
331
1
1071
1969
28863
291
2
1072
1073
1
28903
291
1
1074
1
28903
331
1
1074
18108
28943
291
2
1075
1076
1
28983
291
1
1077
1
28983
331
1
1077
2789
29023
291
2
1078
1079
1
29063
291
1
1080
1
29063
331
1
1080
2207
29103
291
2
1081
1082
1
29143
291
1
1083
1
29143
331
1
1083
4198
29183
291
2
1084
1085
1
29223
291
1
1086
1
29223
331
1
1086
1750
29263
291
2
1087
1088
1
29303
291
1
1089
1
29303
331
1
1089
522
29343
291
2
1090
1091
1
29383
291
1
1092
1
29383
331
1
1092
479
29423
291
2
1093
1094
1
29463
291
1
1095
1
29463
331
1
1095
2614
29503
291
2
1096
1097
1
29543
291
1
1098
1
29543
331
1
1098
1753
29583
291
2
1099
1100
1
29623
291
1
1101
1
29623
331
1
1101
763
29663
291
2
1102
1103
1
29703
291
1
1104
1
29703
331
1
1104
6976
29743
291
2
1105
1106
1
29783
291
1
1107
1
29783
331
1
1107
116
29823
291
2
1108
1109
1
29863
291
1
1110
1
29863
331
1
1110
497
29903
291
2
1111
1112
9
29943
291
1
1112
1196
29983
291
2
1113
1114
87
30023
291
1
1114
652
30063
291
2
1115
1116
1
30103
291
1
1116
1761
30143
291
2
1117
1145
185
30183
291
2
1118
1119
135
30223
291
1
1120
147
30223
331
1
1120
350
30263
291
2
1121
1122
3
30303
291
1
1123
3
30303
331
1
1123
56
30343
291
2
1124
1125
1
30383
291
1
1126
1
30383
331
1
1126
65
30423
291
2
1127
1128
1
30463
291
1
1129
1
30463
331
1
1129
31
30503
291
2
1130
1131
7
30543
291
1
1132
7
30543
331
1
1132
235
30583
291
2
1133
1134
1
30623
291
1
1135
1
30623
331
1
1135
376
30663
291
2
1136
1137
1
30703
291
1
1138
1
30703
331
1
1138
653
30743
291
2
1139
1140
1406
30783
291
1
1141
532
30783
331
1
1141
258
30823
291
2
1142
1143
1
30863
291
1
1144
1
30863
331
1
1144
142
30903
291
1
1146
1000
30183
331
1
1146
611
30943
291
2
1147
1148
1
30983
291
1
1149
1
30983
331
1
1149
2846
31023
291
2
1150
1151
1
31063
291
1
1152
1
31063
331
1
1152
1936
31103
291
2
1153
1154
1
31143
291
1
1155
1
31143
331
1
1155
1338
31183
291
2
1156
1157
1
31223
291
1
1158
1
31223
331
1
1158
6464
31263
291
2
1159
1160
1
31303
291
1
1161
1
31303
331
1
1161
2431
31343
291
2
1162
1163
1
31383
291
1
1164
1
31383
331
1
1164
2211
31423
291
2
1165
1166
1
31463
291
1
1167
1
31463
331
1
1167
4617
31503
291
2
1168
1169
1
31543
291
1
1170
1
31543
331
1
1170
1485
31583
291
2
1171
1172
1
31623
291
1
1173
1
31623
331
1
1173
385
31663
291
2
1174
1175
1
31703
291
1
1176
1
31703
331
1
1176
111
31743
291
2
1177
1178
313
31783
291
1
1179
422
31783
331
1
1179
324
31823
291
2
1180
1181
1
31863
291
1
1182
1
31863
331
1
1182
5030
31903
291
2
1183
1184
1
31943
291
1
1185
1
31943
331
1
1185
758
31983
291
2
1186
1187
1
32023
291
1
1188
1
32023
331
1
1188
2877
32063
291
2
1189
1190
1
32103
291
1
1191
1
32103
331
1
1191
1910
32143
291
2
1192
1193
1
32183
291
1
1194
1
32183
331
1
1194
4585
32223
291
2
1195
1196
1
32263
291
1
1197
1
32263
331
1
1197
676
32303
291
2
1198
1199
1
32343
291
1
1200
1
32343
331
1
1200
1369
32383
291
2
1201
1202
1
32423
291
1
1203
1
32423
331
1
1203
958
32463
291
2
1204
1205
1
32503
291
1
1206
1
32503
331
1
1206
5172
32543
291
2
1207
1208
1
32583
291
1
1209
1
32583
331
1
1209
5382
32623
291
2
1210
1211
1
32663
291
1
1212
1
32663
331
1
1212
5282
32703
291
2
1213
1214
1
32743
291
1
1215
1
32743
331
1
1215
4936
32783
291
2
1216
1217
52
32823
291
1
1218
76
32823
331
1
1218
291
32863
291
2
1219
1224
161
32903
291
2
1225
1220
139
32903
331
2
1221
1222
731
32943
291
1
1223
730
32943
331
1
1223
488
32983
291
1
1225
1094
32903
331
1
1225
1825
33023
291
2
1226
1227
1
33063
291
1
1228
1
33063
331
1
1228
393
33103
291
2
1229
1230
1
33143
291
1
1231
1
33143
331
1
1231
181
33183
291
2
1232
1233
1
33223
291
1
1234
1
33223
331
1
1234
299
33263
291
2
1235
1236
1
33303
291
1
1237
1
33303
331
1
1237
115
33343
291
2
1238
1239
2
33383
291
1
1239
1388
33423
291
3
1240
1241
1242
7
33463
291
1
1243
6
33463
331
1
1243
1365
33463
371
1
1243
379
33503
291
2
1244
1245
1
33543
291
1
1246
1
33543
331
1
1246
3546
33583
291
2
1247
1248
1
33623
291
1
1249
1
33623
331
1
1249
95
33663
291
2
1250
1256
422
33703
291
2
1251
1252
1
33743
291
1
1253
1
33743
331
1
1253
149
33783
291
2
1254
1255
1
33823
291
1
1257
1
33823
331
1
1257
2044
33703
331
1
1257
5990
33863
291
2
1258
1259
1
33903
291
1
1260
1
33903
331
1
1260
705
33943
291
2
1261
1262
1
33983
291
1
1263
1
33983
331
1
1263
3404
34023
291
2
1264
1265
1
34063
291
1
1266
1
34063
331
1
1266
9098
34103
291
2
1267
1268
1398
34143
291
1
1272
279
34143
331
2
1269
1270
405
34183
291
1
1271
377
34183
331
1
1271
70
34223
291
1
1272
1166
34263
291
2
1273
1275
95
34303
291
2
1274
1276
84
34343
291
1
1276
23
34303
331
1
1276
5467
34383
291
2
1277
1278
1
34423
291
1
1279
1
34423
331
1
1279
4923
34463
291
2
1280
1281
1
34503
291
1
1282
1
34503
331
1
1282
3729
34543
291
2
1283
1284
1
34583
291
1
1285
1
34583
331
1
1285
1877
34623
291
2
1286
1287
1
34663
291
1
1288
1
34663
331
1
1288
4772
34703
291
2
1289
1290
283
34743
291
1
1291
100
34743
331
1
1291
1251
34783
291
2
1293
1292
45
34783
331
1
1293
194
34823
291
2
1295
1294
1
34823
331
1
1295
981
34863
291
2
1296
1297
1
34903
291
1
1298
1
34903
331
1
1298
717
34943
291
2
1299
1300
1
34983
291
1
1301
1
34983
331
1
1301
2252
35023
291
2
1302
1303
436
35063
291
1
1304
117
35063
331
1
1304
38
35103
291
2
1305
1306
1
35143
291
1
1307
1
35143
331
1
1307
2685
35183
291
2
1308
1309
1
35223
291
1
1310
1
35223
331
1
1310
1261
35263
291
2
1311
1312
1
35303
291
1
1313
1
35303
331
1
1313
2424
35343
291
2
1314
1315
1
35383
291
1
1316
1
35383
331
1
1316
2849
35423
291
2
1317
1318
1
35463
291
1
1319
1
35463
331
1
1319
4784
35503
291
2
1320
1321
1
35543
291
1
1321
6776
35583
291
2
1322
1323
1
35623
291
1
1324
1
35623
331
1
1324
4945
35663
291
2
1325
1326
1
35703
291
1
1327
1
35703
331
1
1327
9809
35743
291
2
1328
1329
1
35783
291
1
1330
1
35783
331
1
1330
1044
35823
291
2
1331
1332
1
35863
291
1
1333
1
35863
331
1
1333
3004
35903
291
2
1334
1335
1
35943
291
1
1336
1
35943
331
1
1336
526
35983
291
2
1337
1338
1
36023
291
1
1339
1
36023
331
1
1339
13946
36063
291
2
1340
1341
1
36103
291
1
1342
1
36103
331
1
1342
916
36143
291
2
1343
1344
1
36183
291
1
1345
1
36183
331
1
1345
94
36223
291
2
1346
1347
1
36263
291
1
1348
1
36263
331
1
1348
2071
36303
291
2
1349
1350
1
36343
291
1
1351
1
36343
331
1
1351
402
36383
291
2
1353
1352
11
36383
331
1
1353
1333
36423
291
2
1354
1371
356
36463
291
2
1355
1356
1
36503
291
1
1357
1
36503
331
1
1357
418
36543
291
2
1358
1359
1
36583
291
1
1360
1
36583
331
1
1360
129
36623
291
2
1361
1362
1
36663
291
1
1363
1
36663
331
1
1363
74
36703
291
2
1364
1365
1
36743
291
1
1365
552
36783
291
2
1366
1367
976
36823
291
1
1370
161
36823
331
2
1368
1369
19
36863
291
1
1370
19
36863
331
1
1370
21
36903
291
1
1372
317
36463
331
1
1372
2495
36943
291
2
1373
1374
1
36983
291
1
1375
1
36983
331
1
1375
2138
37023
291
2
1376
1377
1
37063
291
1
1378
1
37063
331
1
1378
1207
37103
291
2
1379
1380
102
37143
291
1
1380
4034
37183
291
2
1381
1382
1
37223
291
1
1383
1
37223
331
1
1383
705
37263
291
2
1384
1385
1
37303
291
1
1386
1
37303
331
1
1386
11900
37343
291
2
1387
1388
1
37383
291
1
1389
1
37383
331
1
1389
2127
37423
291
2
1390
1391
1
37463
291
1
1392
1
37463
331
1
1392
2158
37503
291
2
1393
1394
62
37543
291
1
1394
9650
37583
291
2
1395
1396
1
37623
291
1
1397
1
37623
331
1
1397
13480
37663
291
2
1398
1399
1
37703
291
1
1400
1
37703
331
1
1400
2196
37743
291
2
1401
1402
1
37783
291
1
1403
1
37783
331
1
1403
604
37823
291
2
1404
1405
1
37863
291
1
1406
1
37863
331
1
1406
737
37903
291
2
1407
1408
1
37943
291
1
1409
1
37943
331
1
1409
5370
37983
291
2
1410
1411
1
38023
291
1
1412
1
38023
331
1
1412
1154
38063
291
2
1413
1414
2
38103
291
1
1414
2023
38143
291
2
1415
1416
7
38183
291
1
1417
7
38183
331
1
1417
45
38223
291
2
1418
1419
1
38263
291
1
1420
1
38263
331
1
1420
25
38303
291
3
1421
1422
1440
983
38343
291
1
1448
60
38343
331
2
1423
1424
1
38383
291
1
1425
1
38383
331
1
1425
37
38423
291
2
1426
1429
69
38463
291
2
1427
1428
22
38503
291
1
1430
22
38503
331
1
1430
67
38463
331
1
1430
28
38543
291
2
1431
1432
1
38583
291
1
1433
1
38583
331
1
1433
100
38623
291
2
1434
1435
1
38663
291
1
1436
1
38663
331
1
1436
79
38703
291
2
1437
1438
1
38743
291
1
1439
1
38743
331
1
1439
324
38783
291
1
1441
2230
38343
371
1
1441
331
38823
291
3
1442
1443
1444
2865
38863
291
1
1444
1007
38863
331
1
1448
153
38903
291
2
1445
1446
1
38943
291
1
1447
1
38943
331
1
1447
422
38983
291
1
1448
95
39023
291
2
1449
1450
1
39063
291
1
1451
1
39063
331
1
1451
14599
39103
291
2
1453
1452
1
39103
331
1
1453
860
39143
291
2
1454
1455
1
39183
291
1
1456
1
39183
331
1
1456
368
39223
291
2
1457
1458
1
39263
291
1
1459
1
39263
331
1
1459
7430
39303
291
2
1460
1461
1
39343
291
1
1461
4477
39383
291
2
1462
1463
1
39423
291
1
1464
1
39423
331
1
1464
3745
39463
291
2
1465
1466
1
39503
291
1
1467
1
39503
331
1
1467
1658
39543
291
2
1468
1469
1
39583
291
1
1470
1
39583
331
1
1470
1427
39623
291
2
1471
1472
1
39663
291
1
1473
1
39663
331
1
1473
146
39703
291
2
1474
1475
1
39743
291
1
1476
1
39743
331
1
1476
5328
39783
291
2
1477
1478
1
39823
291
1
1479
1
39823
331
1
1479
2489
39863
291
2
1480
1481
1
39903
291
1
1481
643
39943
291
2
1483
1482
9
39943
331
1
1483
11151
39983
291
2
1484
1485
1
40023
291
1
1486
1
40023
331
1
1486
14287
40063
291
2
1487
1488
1
40103
291
1
1489
1
40103
331
1
1489
285
40143
291
2
1490
1491
1
40183
291
1
1492
1
40183
331
1
1492
214
40223
291
2
1493
1494
1
40263
291
1
1495
1
40263
331
1
1495
3380
40303
291
2
1497
1496
1
40303
331
1
1497
3186
40343
291
2
1498
1499
1
40383
291
1
1500
1
40383
331
1
1500
20195
40423
291
2
1501
1502
1
40463
291
1
1503
1
40463
331
1
1503
1994
40503
291
2
1504
1505
1
40543
291
1
1506
1
40543
331
1
1506
2521
40583
291
2
1507
1508
1
40623
291
1
1509
1
40623
331
1
1509
8890
40663
291
3
1510
1511
1512
57
40703
291
1
1512
114
40703
331
1
1512
5148
40743
291
2
1513
1514
1
40783
291
1
1515
1
40783
331
1
1515
4164
40823
291
2
1516
1517
1
40863
291
1
1518
1
40863
331
1
1518
6805
40903
291
2
1519
1520
2
40943
291
1
1520
91
40983
291
2
1521
1522
1
41023
291
1
1523
1
41023
331
1
1523
1408
41063
291
2
1524
1525
4
41103
291
1
1526
14
41103
331
1
1526
3615
41143
291
2
1527
1528
1
41183
291
1
1529
1
41183
331
1
1529
60
41223
291
2
1530
1531
1
41263
291
1
1532
1
41263
331
1
1532
693
41303
291
2
1533
1534
1
41343
291
1
1535
1
41343
331
1
1535
4180
41383
291
2
1536
1537
1
41423
291
1
1538
1
41423
331
1
1538
2359
41463
291
2
1539
1540
1
41503
291
1
1541
1
41503
331
1
1541
1145
41543
291
5
1542
1543
1546
1544
1545
5022
41583
291
1
1546
1674
41583
331
1
1546
972
41583
411
1
1546
1739
41583
451
1
1546
324
41623
291
2
1547
1548
11
41663
291
1
1548
540
41703
291
2
1549
1550
1
41743
291
1
1551
1
41743
331
1
1551
63
41783
291
2
1552
1553
1
41823
291
1
1554
1
41823
331
1
1554
607
41863
291
2
1555
1556
1
41903
291
1
1557
1
41903
331
1
1557
1472
41943
291
2
1558
1559
1
41983
291
1
1560
1
41983
331
1
1560
911
42023
291
2
1561
1562
1
42063
291
1
1563
1
42063
331
1
1563
1864
42103
291
2
1564
1565
1
42143
291
1
1566
1
42143
331
1
1566
11788
42183
291
2
1567
1568
1
42223
291
1
1569
1
42223
331
1
1569
2786
42263
291
2
1570
1571
2
42303
291
1
1571
2357
42343
291
2
1572
1573
1
42383
291
1
1574
1
42383
331
1
1574
19218
42423
291
2
1575
1576
1
42463
291
1
1577
1
42463
331
1
1577
8995
42503
291
2
1578
1579
1
42543
291
1
1580
1
42543
331
1
1580
2830
42583
291
2
1581
1582
1453
42623
291
1
1582
308
42663
291
2
1583
1584
1
42703
291
1
1585
1
42703
331
1
1585
476
42743
291
2
1586
1587
1
42783
291
1
1588
1
42783
331
1
1588
5700
42823
291
2
1590
1589
1358
42823
331
1
1590
3815
42863
291
2
1591
1592
1
42903
291
1
1593
1
42903
331
1
1593
372
42943
291
2
1594
1595
1
42983
291
1
1596
1
42983
331
1
1596
4463
43023
291
2
1597
1598
1
43063
291
1
1599
1
43063
331
1
1599
584
43103
291
2
1600
1601
1
43143
291
1
1602
1
43143
331
1
1602
5195
43183
291
2
1603
1604
1
43223
291
1
1605
1
43223
331
1
1605
2988
43263
291
2
1606
1607
1
43303
291
1
1608
1
43303
331
1
1608
2238
43343
291
2
1609
1610
1
43383
291
1
1611
1
43383
331
1
1611
9644
43423
291
2
1612
1613
1
43463
291
1
1614
1
43463
331
1
1614
543
43503
291
2
1615
1616
1
43543
291
1
1617
1
43543
331
1
1617
108
43583
291
2
1618
1619
261
43623
291
1
1619
6234
43663
291
2
1620
1621
1
43703
291
1
1622
1
43703
331
1
1622
2337
43743
291
2
1623
1624
1
43783
291
1
1625
1
43783
331
1
1625
13006
43823
291
2
1626
1627
1
43863
291
1
1628
1
43863
331
1
1628
7452
43903
291
2
1630
1629
1
43903
331
1
1630
1660
43943
291
2
1631
1632
1
43983
291
1
1633
1
43983
331
1
1633
8685
44023
291
3
1634
1636
1635
21
44063
291
1
1636
42
44063
371
1
1636
387
44103
291
2
1637
1638
1
44143
291
1
1639
1
44143
331
1
1639
5765
44183
291
2
1640
1641
57
44223
291
1
1641
149
44263
291
2
1642
1643
1
44303
291
1
1644
1
44303
331
1
1644
13536
44343
291
2
1646
1645
27
44343
331
1
1646
989
44383
291
5
1647
1650
1648
1649
1664
2085
44423
291
1
1697
713
44423
371
1
1657
207
44423
411
1
1650
93
44463
291
2
1651
1652
1
44503
291
1
1653
1
44503
331
1
1653
20
44543
291
3
1654
1655
1656
17
44583
291
1
1657
1111
44583
331
1
1657
17
44583
371
1
1657
155
44623
291
2
1658
1659
967
44663
291
1
1665
599
44663
331
3
1660
1661
1662
1
44703
291
1
1663
133
44703
331
1
1665
805
44703
371
1
1663
132
44743
291
1
1665
1277
44423
451
1
1665
2275
44783
291
2
1666
1667
1
44823
291
1
1668
1
44823
331
1
1668
91
44863
291
2
1669
1670
29
44903
291
1
1671
29
44903
331
1
1671
33
44943
291
3
1672
1673
1674
39
44983
291
1
1676
4
44983
331
1
1675
4
44983
371
1
1675
35
45023
291
1
1676
69
45063
291
2
1677
1678
177
45103
291
1
1679
165
45103
331
1
1679
164
45143
291
2
1680
1681
526
45183
291
1
1691
101
45183
331
4
1682
1683
1684
1685
19
45223
291
1
1686
19
45223
331
1
1686
19
45223
371
1
1686
19
45223
411
1
1686
261
45263
291
2
1687
1690
210
45303
291
2
1688
1689
10
45343
291
1
1691
10
45343
331
1
1691
248
45303
331
1
1691
95
45383
291
2
1692
1693
28
45423
291
1
1694
28
45423
331
1
1694
58
45463
291
2
1695
1696
2
45503
291
1
1697
2
45503
331
1
1697
1381
45543
291
2
1698
1699
1
45583
291
1
1700
1
45583
331
1
1700
4714
45623
291
3
1701
1702
1703
106
45663
291
1
1703
53
45663
331
1
1703
3656
45703
291
2
1704
1705
1
45743
291
1
1706
1
45743
331
1
1706
239
45783
291
2
1707
1708
1
45823
291
1
1709
1
45823
331
1
1709
1558
45863
291
2
1710
1711
1
45903
291
1
1712
1
45903
331
1
1712
254
45943
291
2
1713
1714
1
45983
291
1
1715
1
45983
331
1
1715
2437
46023
291
2
1716
1717
1
46063
291
1
1718
1
46063
331
1
1718
14883
46103
291
2
1719
1720
1
46143
291
1
1721
1
46143
331
1
1721
1955
46183
291
2
1722
1723
1
46223
291
1
1724
1
46223
331
1
1724
4074
46263
291
2
1725
1726
1
46303
291
1
1727
1
46303
331
1
1727
6805
46343
291
2
1728
1729
1
46383
291
1
1730
1
46383
331
1
1730
9795
46423
291
2
1731
1732
1
46463
291
1
1733
1
46463
331
1
1733
5121
46503
291
2
1734
1738
255
46543
291
2
1735
1736
847
46583
291
1
1737
959
46583
331
1
1737
144
46623
291
1
1738
230
46663
291
2
1739
1740
1
46703
291
1
1741
1
46703
331
1
1741
165
46743
291
2
1742
1743
1
46783
291
1
1743
1697
46823
291
2
1744
1745
1
46863
291
1
1746
1
46863
331
1
1746
8136
46903
291
2
1747
1748
1
46943
291
1
1749
1
46943
331
1
1749
739
46983
291
2
1750
1751
1
47023
291
1
1752
1
47023
331
1
1752
4666
47063
291
2
1753
1754
1
47103
291
1
1755
1
47103
331
1
1755
840
47143
291
2
1756
1757
1
47183
291
1
1758
1
47183
331
1
1758
3631
47223
291
2
1759
1760
1
47263
291
1
1760
13577
47303
291
2
1761
1762
1
47343
291
1
1763
1
47343
331
1
1763
9307
47383
291
2
1764
1765
1
47423
291
1
1766
1
47423
331
1
1766
15378
47463
291
2
1767
1768
1
47503
291
1
1768
3774
47543
291
2
1769
1770
1
47583
291
1
1771
1
47583
331
1
1771
586
47623
291
2
1772
1773
1
47663
291
1
1774
1
47663
331
1
1774
1366
47703
291
2
1775
1776
1
47743
291
1
1777
1
47743
331
1
1777
1039
47783
291
2
1778
1779
1
47823
291
1
1780
1
47823
331
1
1780
13764
47863
291
2
1781
1782
15
47903
291
1
1782
1955
47943
291
2
1783
1784
1
47983
291
1
1785
1
47983
331
1
1785
2402
48023
291
2
1786
1787
1
48063
291
1
1788
1
48063
331
1
1788
848
48103
291
2
1789
1795
256
48143
291
2
1790
1791
1
48183
291
1
1792
1
48183
331
1
1792
2396
48223
291
2
1794
1793
360
48223
331
1
1794
6595
48263
291
1
1795
85
48303
291
2
1796
1804
41
48343
291
2
1797
1798
10
48383
291
1
1799
540
48383
331
1
1799
458
48423
291
3
1800
1801
1803
5
48463
291
1
1802
5
48463
331
1
1802
43
48503
291
1
1805
48
48463
371
1
1805
783
48343
331
1
1805
44
48543
291
3
1806
1807
1808
15
48583
291
1
1809
15
48583
331
1
1809
15
48583
371
1
1809
2171
48623
291
2
1810
1811
1
48663
291
1
1812
1
48663
331
1
1812
10916
48703
291
2
1813
1814
1
48743
291
1
1815
1
48743
331
1
1815
419
48783
291
2
1816
1817
1
48823
291
1
1818
1
48823
331
1
1818
6206
48863
291
2
1819
1820
1
48903
291
1
1821
1
48903
331
1
1821
370
48943
291
2
1822
1823
1
48983
291
1
1824
1
48983
331
1
1824
2464
49023
291
2
1825
1826
1
49063
291
1
1827
1
49063
331
1
1827
5667
49103
291
2
1828
1829
1
49143
291
1
1830
1
49143
331
1
1830
6823
49183
291
2
1831
1832
1
49223
291
1
1833
1
49223
331
1
1833
2351
49263
291
2
1834
1835
1
49303
291
1
1836
1
49303
331
1
1836
589
49343
291
2
1837
1838
1
49383
291
1
1839
1
49383
331
1
1839
3030
49423
291
2
1840
1841
1
49463
291
1
1842
1
49463
331
1
1842
5512
49503
291
2
1843
1844
1
49543
291
1
1845
1
49543
331
1
1845
4096
49583
291
2
1846
1847
1
49623
291
1
1848
1
49623
331
1
1848
2301
49663
291
2
1849
1850
1
49703
291
1
1851
1
49703
331
1
1851
9771
49743
291
2
1852
1853
1
49783
291
1
1854
1
49783
331
1
1854
65
49823
291
2
1855
1856
1
49863
291
1
1857
1
49863
331
1
1857
3331
49903
291
2
1858
1859
1
49943
291
1
1860
1
49943
331
1
1860
921
49983
291
2
1861
1862
1
50023
291
1
1863
1
50023
331
1
1863
1848
50063
291
2
1864
1865
1
50103
291
1
1866
1
50103
331
1
1866
3664
50143
291
2
1867
1868
1
50183
291
1
1869
1
50183
331
1
1869
10075
50223
291
2
1870
1871
1
50263
291
1
1872
1
50263
331
1
1872
3107
50303
291
2
1873
1874
1
50343
291
1
1874
959
50383
291
2
1875
1876
1
50423
291
1
1877
1
50423
331
1
1877
4165
50463
291
2
1878
1879
1
50503
291
1
1880
1
50503
331
1
1880
2349
50543
291
2
1881
1882
3
50583
291
1
1882
2821
50623
291
2
1883
1884
1
50663
291
1
1885
1
50663
331
1
1885
228
50703
291
2
1886
1887
1
50743
291
1
1888
1
50743
331
1
1888
2204
50783
291
2
1889
1890
1
50823
291
1
1891
1
50823
331
1
1891
6095
50863
291
2
1892
1893
10
50903
291
1
1893
1176
50943
291
8
1894
1897
1898
1899
1900
1901
1902
1903
114
50983
291
2
1895
1896
887
51023
291
1
1910
1549
51023
331
1
1910
1228
50983
331
1
1908
173
50983
371
1
1913
1176
50983
411
1
1911
1908
50983
451
1
1909
860
50983
491
1
1912
214
50983
531
1
1904
100
50983
571
1
1904
517
51063
291
2
1905
1906
1
51103
291
1
1907
1
51103
331
1
1907
186
51143
291
1
1908
406
51183
291
1
1909
143
51223
291
1
1910
25
51263
291
1
1911
67
51303
291
1
1912
141
51343
291
1
1913
5842
51383
291
2
1914
1915
1
51423
291
1
1916
1
51423
331
1
1916
1703
51463
291
2
1917
1918
1
51503
291
1
1919
1
51503
331
1
1919
2879
51543
291
2
1920
1921
1
51583
291
1
1922
1
51583
331
1
1922
1218
51623
291
2
1923
1924
1
51663
291
1
1925
1
51663
331
1
1925
7680
51703
291
2
1926
1927
1
51743
291
1
1928
1
51743
331
1
1928
2994
51783
291
2
1929
1930
1
51823
291
1
1931
1
51823
331
1
1931
3243
51863
291
2
1932
1933
1
51903
291
1
1934
1
51903
331
1
1934
1748
51943
291
2
1935
1936
1
51983
291
1
1937
1
51983
331
1
1937
4117
52023
291
2
1938
1939
1
52063
291
1
1940
1
52063
331
1
1940
4095
52103
291
2
1941
1942
1
52143
291
1
1943
1
52143
331
1
1943
2808
52183
291
2
1944
1945
1
52223
291
1
1946
1
52223
331
1
1946
5292
52263
291
2
1947
1948
1
52303
291
1
1949
1
52303
331
1
1949
4839
52343
291
2
1950
1951
1
52383
291
1
1952
1
52383
331
1
1952
280
52423
291
2
1953
1954
1
52463
291
1
1955
1
52463
331
1
1955
6364
52503
291
2
1956
1957
1
52543
291
1
1958
1
52543
331
1
1958
723
52583
291
2
1959
1960
1
52623
291
1
1961
1
52623
331
1
1961
4090
52663
291
2
1963
1962
57
52663
331
1
1963
7856
52703
291
2
1964
1965
1
52743
291
1
1966
1
52743
331
1
1966
3613
52783
291
2
1967
1968
1
52823
291
1
1968
184
52863
291
2
1969
1970
1
52903
291
1
1971
1
52903
331
1
1971
13392
52943
291
2
1972
1973
1
52983
291
1
1974
1
52983
331
1
1974
373
53023
291
2
1975
1976
1
53063
291
1
1977
1
53063
331
1
1977
91
53103
291
2
1979
1978
1
53103
331
1
1979
1042
53143
291
4
1980
1981
1982
1983
75
53183
291
1
1983
225
53183
331
1
1983
150
53183
371
1
1983
843
53223
291
7
1984
1995
1985
1990
1991
1992
1993
1680
53263
291
1
1994
139
53263
371
2
1986
1987
78
53303
291
1
1987
155
53383
291
2
1988
1989
18
53423
291
1
1992
18
53423
331
1
1992
10
53263
411
1
1994
390
53263
451
1
1995
234
53463
291
1
1995
100
53263
531
1
1994
155
53343
291
1
1995
237
53503
291
2
1996
1997
1
53543
291
1
1998
1
53543
331
1
1998
3457
53583
291
2
1999
2024
100
53623
291
3
2000
2001
2020
630
53663
291
1
2001
617
53703
291
5
2002
2003
2004
2005
2006
6607
53783
291
1
2006
18867
53783
331
1
2015
7694
53783
371
1
2016
17517
53783
411
1
2014
680
53863
291
2
2007
2008
947
53903
291
1
2012
675
53903
331
2
2009
2010
7043
53943
291
1
2011
817
53943
331
1
2011
675
53983
291
1
2012
677
54023
291
2
2014
2013
959
54023
331
1
2014
913
54063
291
1
2015
152
54103
291
1
2016
294
54143
291
2
2017
2018
1
54183
291
1
2019
1
54183
331
1
2019
25
54223
291
1
2025
77
53663
371
2
2021
2022
1017
53743
291
1
2023
1000
53743
331
1
2023
92
53823
291
1
2025
6043
53623
331
1
2025
1107
54263
291
2
2026
2027
1
54303
291
1
2028
1
54303
331
1
2028
6086
54343
291
2
2029
2030
1
54383
291
1
2031
1
54383
331
1
2031
572
54423
291
2
2032
2033
1
54463
291
1
2034
1
54463
331
1
2034
4118
54503
291
2
2035
2036
1358
54543
291
1
2036
6647
54583
291
2
2037
2038
1
54623
291
1
2039
1
54623
331
1
2039
5496
54663
291
2
2040
2041
1
54703
291
1
2042
1
54703
331
1
2042
1061
54743
291
2
2043
2044
1
54783
291
1
2045
1
54783
331
1
2045
4590
54823
291
2
2046
2047
1000
54863
291
1
2048
36
54863
331
1
2048
45
54903
291
2
2049
2050
24
54943
291
1
2051
24
54943
331
1
2051
6668
54983
291
2
2052
2053
1
55023
291
1
2054
1
55023
331
1
2054
4827
55063
291
2
2055
2056
1
55103
291
1
2057
1
55103
331
1
2057
426
55143
291
2
2058
2059
1
55183
291
1
2060
1
55183
331
1
2060
1500
55223
291
2
2062
2061
6
55223
331
1
2062
3381
55263
291
2
2063
2064
1
55303
291
1
2065
1
55303
331
1
2065
3633
55343
291
2
2066
2067
1
55383
291
1
2068
1
55383
331
1
2068
6205
55423
291
2
2069
2070
1
55463
291
1
2071
1
55463
331
1
2071
4252
55503
291
2
2072
2073
77
55543
291
1
2073
1677
55583
291
2
2074
2075
1
55623
291
1
2076
1
55623
331
1
2076
452
55663
291
2
2077
2080
134
55703
291
2
2079
2078
42
55703
331
1
2079
109
55743
291
1
2080
664
55783
291
2
2081
2082
1
55823
291
1
2083
1
55823
331
1
2083
11755
55863
291
4
2084
2085
2087
2086
56
55903
291
1
2087
112
55903
331
1
2087
168
55903
411
1
2087
12172
55943
291
2
2088
2089
1
55983
291
1
2090
1
55983
331
1
2090
2529
56023
291
2
2092
2091
3
56023
331
1
2092
5229
56063
291
2
2093
2094
1
56103
291
1
2095
1
56103
331
1
2095
1706
56143
291
3
2096
2097
2098
10
56183
291
1
2099
10
56183
331
1
2099
10
56183
371
1
2099
10030
56223
291
2
2100
2101
1
56263
291
1
2102
1
56263
331
1
2102
1068
56303
291
2
2103
2104
1
56343
291
1
2105
1
56343
331
1
2105
2228
56383
291
2
2106
2107
1
56423
291
1
2107
7379
56463
291
2
2108
2109
1
56503
291
1
2110
1
56503
331
1
2110
6265
56543
291
2
2111
2112
1
56583
291
1
2113
1
56583
331
1
2113
533
56623
291
2
2114
2115
1
56663
291
1
2116
1
56663
331
1
2116
5166
56703
291
2
2117
2118
1
56743
291
1
2119
1
56743
331
1
2119
8013
56783
291
2
2120
2121
1
56823
291
1
2122
1
56823
331
1
2122
2167
56863
291
2
2123
2124
1
56903
291
1
2125
1
56903
331
1
2125
4275
56943
291
2
2126
2127
1
56983
291
1
2128
1
56983
331
1
2128
1277
57023
291
2
2129
2130
1
57063
291
1
2131
1
57063
331
1
2131
1458
57103
291
3
2132
2133
2135
1
57143
291
1
2134
1
57143
331
1
2134
45
57183
291
1
2136
1
57143
371
1
2136
7344
57223
291
2
2137
2138
1
57263
291
1
2139
1
57263
331
1
2139
1358
57303
291
2
2140
2141
1
57343
291
1
2142
1
57343
331
1
2142
398
57383
291
2
2143
2144
1
57423
291
1
2145
1
57423
331
1
2145
1638
57463
291
2
2147
2146
679
57463
331
1
2147
5926
57503
291
4
2148
2151
2149
2150
345
57543
291
1
2151
69
57543
371
1
2151
248
57543
411
1
2151
254
57583
291
2
2152
2153
1
57623
291
1
2154
1
57623
331
1
2154
64
57663
291
3
2155
2156
2160
69
57703
291
1
2160
59
57703
331
2
2157
2158
1
57743
291
1
2159
1
57743
331
1
2159
147
57783
291
1
2160
1348
57823
291
2
2161
2162
1
57863
291
1
2163
1
57863
331
1
2163
40
57903
291
2
2164
2165
75
57943
291
1
2165
2313
57983
291
2
2166
2167
6
58023
291
1
2168
1000
58023
331
1
2168
428
58063
291
2
2169
2170
1
58103
291
1
2171
1
58103
331
1
2171
2742
58143
291
2
2172
2173
1
58183
291
1
2174
1
58183
331
1
2174
2197
58223
291
2
2175
2176
1
58263
291
1
2177
1
58263
331
1
2177
2735
58303
291
2
2178
2179
1
58343
291
1
2180
1
58343
331
1
2180
2171
58383
291
2
2181
2182
1
58423
291
1
2183
1
58423
331
1
2183
6177
58463
291
2
2184
2185
1
58503
291
1
2186
1
58503
331
1
2186
539
58543
291
2
2187
2188
1
58583
291
1
2188
2288
58623
291
2
2189
2190
1
58663
291
1
2191
1
58663
331
1
2191
238
58703
291
2
2192
2193
1
58743
291
1
2194
1
58743
331
1
2194
596
58783
291
2
2195
2196
1
58823
291
1
2197
1
58823
331
1
2197
3473
58863
291
2
2198
2199
1
58903
291
1
2200
1
58903
331
1
2200
5399
58943
291
2
2201
2202
1
58983
291
1
2203
1
58983
331
1
2203
2746
59023
291
2
2204
2205
1
59063
291
1
2206
1
59063
331
1
2206
5065
59103
291
2
2207
2208
1
59143
291
1
2209
1
59143
331
1
2209
922
59183
291
2
2210
2211
1
59223
291
1
2212
1
59223
331
1
2212
5164
59263
291
2
2213
2214
1
59303
291
1
2215
1
59303
331
1
2215
2146
59343
291
2
2216
2217
1
59383
291
1
2218
1
59383
331
1
2218
632
59423
291
2
2219
2220
1
59463
291
1
2221
1
59463
331
1
2221
319
59503
291
2
2222
2223
1
59543
291
1
2224
1
59543
331
1
2224
1481
59583
291
2
2225
2226
1
59623
291
1
2227
1
59623
331
1
2227
301
59663
291
2
2228
2229
1
59703
291
1
2230
1
59703
331
1
2230
943
59743
291
2
2231
2232
1
59783
291
1
2233
1
59783
331
1
2233
4068
59823
291
2
2234
2235
1
59863
291
1
2236
1
59863
331
1
2236
466
59903
291
2
2237
2238
1
59943
291
1
2239
1
59943
331
1
2239
2313
59983
291
2
2240
2241
1
60023
291
1
2242
1
60023
331
1
2242
2664
60063
291
2
2243
2244
1
60103
291
1
2245
1
60103
331
1
2245
3008
60143
291
2
2246
2247
1
60183
291
1
2248
1
60183
331
1
2248
837
60223
291
2
2249
2250
1
60263
291
1
2251
1
60263
331
1
2251
4317
60303
291
2
2252
2253
1
60343
291
1
2254
1
60343
331
1
2254
124
60383
291
2
2255
2256
1
60423
291
1
2256
6804
60463
291
2
2257
2258
1
60503
291
1
2259
1
60503
331
1
2259
1485
60543
291
2
2260
2261
1
60583
291
1
2262
1
60583
331
1
2262
2646
60623
291
2
2264
2263
1
60623
331
1
2264
1417
60663
291
2
2265
2266
1
60703
291
1
2267
1
60703
331
1
2267
10526
60743
291
2
2268
2269
1
60783
291
1
2270
1
60783
331
1
2270
104
60823
291
2
2271
2272
1
60863
291
1
2273
1
60863
331
1
2273
3289
60903
291
2
2274
2275
1
60943
291
1
2276
1
60943
331
1
2276
288
60983
291
2
2277
2278
1
61023
291
1
2279
1
61023
331
1
2279
2355
61063
291
2
2280
2281
1095
61103
291
1
2281
1612
61143
291
2
2282
2283
1
61183
291
1
2284
1
61183
331
1
2284
1470
61223
291
2
2285
2286
1
61263
291
1
2287
1
61263
331
1
2287
264
61303
291
2
2288
2289
1
61343
291
1
2290
1
61343
331
1
2290
3158
61383
291
2
2291
2292
1
61423
291
1
2293
1
61423
331
1
2293
102
61463
291
2
2294
2295
1
61503
291
1
2296
1
61503
331
1
2296
321
61543
291
2
2297
2298
1
61583
291
1
2299
1
61583
331
1
2299
11013
61623
291
2
2300
2301
1
61663
291
1
2302
1
61663
331
1
2302
4134
61703
291
2
2303
2304
1
61743
291
1
2305
1
61743
331
1
2305
1293
61783
291
2
2306
2307
1
61823
291
1
2308
1
61823
331
1
2308
575
61863
291
2
2309
2310
1
61903
291
1
2311
1
61903
331
1
2311
1668
61943
291
2
2312
2313
1
61983
291
1
2314
1
61983
331
1
2314
276
62023
291
2
2315
2316
1
62063
291
1
2317
1
62063
331
1
2317
6624
62103
291
2
2318
2319
1
62143
291
1
2320
1
62143
331
1
2320
250
62183
291
2
2321
2322
1
62223
291
1
2323
1
62223
331
1
2323
2832
62263
291
2
2324
2325
1
62303
291
1
2326
1
62303
331
1
2326
1350
62343
291
2
2327
2328
84
62383
291
1
2329
84
62383
331
1
2329
26
62423
291
2
2330
2331
1
62463
291
1
2332
1
62463
331
1
2332
146
62503
291
2
2333
2334
69
62543
291
1
2335
66
62543
331
1
2335
8290
62583
291
2
2336
2337
1
62623
291
1
2338
1
62623
331
1
2338
8110
62663
291
2
2339
2340
1
62703
291
1
2341
1
62703
331
1
2341
1513
62743
291
2
2342
2343
1
62783
291
1
2344
1
62783
331
1
2344
5366
62823
291
2
2345
2346
1
62863
291
1
2347
1
62863
331
1
2347
14232
62903
291
3
2348
2349
2350
8
62943
291
1
2351
8
62943
331
1
2351
1398
62943
371
1
2351
1528
62983
291
2
2353
2352
78
62983
331
1
2353
53
63023
291
2
2354
2355
131
63063
291
1
2356
840
63063
331
1
2356
224
63103
291
2
2357
2358
1
63143
291
1
2359
1
63143
331
1
2359
561
63183
291
2
2360
2361
1
63223
291
1
2361
452
63263
291
2
2362
2363
1
63303
291
1
2364
1
63303
331
1
2364
3143
63343
291
2
2365
2366
9
63383
291
1
2366
2619
63423
291
3
2367
2369
2370
114
63463
291
2
2370
2368
138
63463
331
1
2370
57
63463
331
1
2370
3376
63503
291
2
2371
2372
1
63543
291
1
2373
1
63543
331
1
2373
2213
63583
291
2
2374
2375
1
63623
291
1
2376
1
63623
331
1
2376
7769
63663
291
2
2377
2378
1
63703
291
1
2379
1
63703
331
1
2379
1158
63743
291
2
2380
2381
1
63783
291
1
2382
1
63783
331
1
2382
3373
63823
291
2
2383
2384
1358
63863
291
1
2384
62
63903
291
2
2385
2386
1
63943
291
1
2387
1
63943
331
1
2387
1729
63983
291
2
2388
2389
1
64023
291
1
2389
3927
64063
291
5
2390
2391
2395
2393
2394
64
64103
291
1
2392
7
64103
331
1
2392
221
64143
291
1
2395
57
64103
411
1
2395
114
64103
451
1
2395
1147
64183
291
2
2397
2396
3
64183
331
1
2397
1759
64223
291
2
2398
2399
1
64263
291
1
2400
1
64263
331
1
2400
10932
64303
291
2
2401
2402
1
64343
291
1
2403
1
64343
331
1
2403
11245
64383
291
2
2404
2405
1
64423
291
1
2406
1
64423
331
1
2406
13195
64463
291
2
2407
2408
1
64503
291
1
2409
1
64503
331
1
2409
4824
64543
291
2
2410
2411
1
64583
291
1
2412
1
64583
331
1
2412
2090
64623
291
2
2413
2414
1
64663
291
1
2415
1
64663
331
1
2415
5709
64703
291
2
2416
2417
198
64743
291
1
2417
1270
64783
291
2
2418
2419
1
64823
291
1
2420
1
64823
331
1
2420
5191
64863
291
2
2421
2422
1358
64903
291
1
2422
4245
64943
291
2
2423
2424
1
64983
291
1
2425
1
64983
331
1
2425
435
65023
291
2
2426
2427
1
65063
291
1
2428
1
65063
331
1
2428
2200
65103
291
2
2429
2430
1
65143
291
1
2431
1
65143
331
1
2431
846
65183
291
2
2432
2433
1
65223
291
1
2434
1
65223
331
1
2434
19957
65263
291
2
2435
2436
1
65303
291
1
2437
1
65303
331
1
2437
2285
65343
291
2
2439
2438
57
65343
331
1
2439
1725
65383
291
2
2440
2441
1
65423
291
1
2442
1
65423
331
1
2442
2024
65463
291
2
2443
2444
1
65503
291
1
2445
1
65503
331
1
2445
15540
65543
291
2
2446
2447
1
65583
291
1
2448
1
65583
331
1
2448
2665
65623
291
2
2449
2450
3
65663
291
1
2450
6204
65703
291
2
2451
2452
1
65743
291
1
2453
1
65743
331
1
2453
10389
65783
291
2
2454
2455
1
65823
291
1
2456
1
65823
331
1
2456
837
65863
291
2
2457
2458
1
65903
291
1
2459
1
65903
331
1
2459
210
65943
291
2
2460
2461
1
65983
291
1
2462
1
65983
331
1
2462
6145
66023
291
2
2463
2464
1
66063
291
1
2465
1
66063
331
1
2465
2467
66103
291
2
2466
2467
1
66143
291
1
2468
1
66143
331
1
2468
5553
66183
291
2
2469
2470
1
66223
291
1
2471
1
66223
331
1
2471
6065
66263
291
2
2472
2473
1
66303
291
1
2474
1
66303
331
1
2474
630
66343
291
2
2475
2476
1
66383
291
1
2477
1
66383
331
1
2477
7495
66423
291
2
2478
2479
1
66463
291
1
2480
1
66463
331
1
2480
2496
66503
291
4
2481
2482
2487
2488
159
66543
291
1
2482
159
66583
291
3
2483
2484
2485
1
66623
291
1
2486
1
66623
331
1
2489
103
66623
371
1
2486
53
66663
291
1
2489
176
66543
371
1
2489
1
66543
411
1
2489
720
66703
291
2
2490
2491
1
66743
291
1
2492
1
66743
331
1
2492
1665
66783
291
2
2494
2493
2
66783
331
1
2494
2124
66823
291
2
2496
2495
18
66823
331
1
2496
13325
66863
291
2
2498
2497
1358
66863
331
1
2498
294
66903
291
2
2499
2500
1
66943
291
1
2501
1
66943
331
1
2501
17422
66983
291
2
2502
2503
1
67023
291
1
2504
1
67023
331
1
2504
3954
67063
291
2
2505
2506
1
67103
291
1
2507
1
67103
331
1
2507
13082
67143
291
2
2508
2509
1
67183
291
1
2510
1
67183
331
1
2510
5854
67223
291
2
2511
2512
1
67263
291
1
2513
1
67263
331
1
2513
2318
67303
291
2
2514
2515
1
67343
291
1
2516
1
67343
331
1
2516
9881
67383
291
3
2517
2518
2519
9
67423
291
1
2519
18
67423
331
1
2519
7132
67463
291
2
2520
2521
1
67503
291
1
2522
1
67503
331
1
2522
452
67543
291
2
2523
2524
1
67583
291
1
2525
1
67583
331
1
2525
854
67623
291
2
2526
2527
1
67663
291
1
2528
1
67663
331
1
2528
678
67703
291
2
2529
2530
1
67743
291
1
2531
1
67743
331
1
2531
567
67783
291
2
2532
2533
1
67823
291
1
2534
1
67823
331
1
2534
282
67863
291
2
2536
2535
1
67863
331
1
2536
1577
67903
291
2
2537
2538
1
67943
291
1
2539
1
67943
331
1
2539
7712
67983
291
2
2540
2541
1
68023
291
1
2542
1
68023
331
1
2542
2576
68063
291
2
2543
2544
1
68103
291
1
2545
1
68103
331
1
2545
27
68143
291
2
2546
2547
38
68183
291
1
2548
38
68183
331
1
2548
38
68223
291
2
2549
2550
22
68263
291
1
2551
22
68263
331
1
2551
357
68303
291
2
2552
2553
2
68343
291
1
2554
2
68343
331
1
2554
85
68383
291
2
2555
2556
1
68423
291
1
2557
1
68423
331
1
2557
4422
68463
291
2
2558
2559
1
68503
291
1
2559
1716
68543
291
2
2560
2561
1
68583
291
1
2562
1
68583
331
1
2562
183
68623
291
2
2567
2563
332
68623
331
2
2564
2565
10
68663
291
1
2566
642
68663
331
1
2566
1090
68703
291
1
2567
2598
68743
291
2
2569
2568
30
68743
331
1
2569
39
68783
291
5
2570
2571
2572
2573
2586
2894
68823
291
1
2585
1011
68823
331
1
2584
1344
68823
371
1
2584
243
68823
411
2
2574
2575
1998
68863
291
1
2583
43
68863
331
2
2576
2582
65
68903
291
2
2577
2578
542
68943
291
1
2579
365
68943
331
1
2579
433
68983
291
2
2580
2581
689
69023
291
1
2583
119
69023
331
1
2583
3572
68903
331
1
2583
134
69063
291
1
2584
51
69103
291
1
2585
209
69143
291
1
2587
1470
68823
451
1
2587
1998
69183
291
2
2588
2589
1
69223
291
1
2590
1
69223
331
1
2590
10993
69263
291
2
2591
2592
1
69303
291
1
2593
1
69303
331
1
2593
6038
69343
291
2
2594
2595
1
69383
291
1
2596
1
69383
331
1
2596
1364
69423
291
2
2597
2598
1
69463
291
1
2599
1
69463
331
1
2599
8551
69503
291
2
2600
2601
1
69543
291
1
2602
1
69543
331
1
2602
1664
69583
291
2
2603
2604
1
69623
291
1
2605
1
69623
331
1
2605
2639
69663
291
2
2606
2607
1
69703
291
1
2608
1
69703
331
1
2608
5801
69743
291
2
2609
2610
1
69783
291
1
2611
1
69783
331
1
2611
3562
69823
291
2
2612
2613
1
69863
291
1
2614
1
69863
331
1
2614
11642
69903
291
2
2615
2616
1
69943
291
1
2617
1
69943
331
1
2617
728
69983
291
2
2618
2619
1
70023
291
1
2620
1
70023
331
1
2620
1010
70063
291
2
2622
2621
1
70063
331
1
2622
5833
70103
291
2
2623
2624
1
70143
291
1
2625
1
70143
331
1
2625
4886
70183
291
2
2626
2627
57
70223
291
1
2627
4721
70263
291
2
2628
2629
1
70303
291
1
2630
1
70303
331
1
2630
336
70343
291
2
2631
2632
1
70383
291
1
2633
1
70383
331
1
2633
12078
70423
291
2
2634
2635
143
70463
291
1
2635
1401
70503
291
2
2637
2636
1
70503
331
1
2637
1135
70543
291
2
2638
2639
1
70583
291
1
2640
1
70583
331
1
2640
4297
70623
291
2
2641
2642
1
70663
291
1
2643
1
70663
331
1
2643
1707
70703
291
2
2644
2645
1
70743
291
1
2646
1
70743
331
1
2646
3805
70783
291
2
2647
2648
1
70823
291
1
2649
1
70823
331
1
2649
27
70863
291
2
2650
2651
1
70903
291
1
2652
1
70903
331
1
2652
587
70943
291
2
2653
2654
1
70983
291
1
2655
1
70983
331
1
2655
8402
71023
291
2
2656
2657
1
71063
291
1
2658
1
71063
331
1
2658
9132
71103
291
2
2659
2660
70
71143
291
1
2660
1018
71183
291
2
2661
2662
1
71223
291
1
2663
1
71223
331
1
2663
2024
71263
291
2
2664
2665
1
71303
291
1
2666
1
71303
331
1
2666
807
71343
291
2
2667
2668
1
71383
291
1
2669
1
71383
331
1
2669
4112
71423
291
2
2670
2671
1
71463
291
1
2672
1
71463
331
1
2672
507
71503
291
2
2673
2674
1
71543
291
1
2675
1
71543
331
1
2675
2439
71583
291
2
2676
2677
1
71623
291
1
2678
1
71623
331
1
2678
4312
71663
291
2
2679
2680
1
71703
291
1
2681
1
71703
331
1
2681
5415
71743
291
2
2682
2683
1
71783
291
1
2684
1
71783
331
1
2684
4188
71823
291
2
2685
2686
1
71863
291
1
2687
1
71863
331
1
2687
2625
71903
291
2
2688
2689
1
71943
291
1
2690
1
71943
331
1
2690
183
71983
291
2
2691
2692
1
72023
291
1
2693
1
72023
331
1
2693
1515
72063
291
2
2694
2695
1
72103
291
1
2696
1
72103
331
1
2696
2344
72143
291
2
2697
2698
1
72183
291
1
2699
1
72183
331
1
2699
1435
72223
291
2
2700
2704
341
72263
291
2
2701
2702
1
72303
291
1
2703
1
72303
331
1
2703
1016
72343
291
1
2704
977
72383
291
2
2705
2706
1
72423
291
1
2707
1
72423
331
1
2707
1242
72463
291
2
2708
2709
1
72503
291
1
2710
1
72503
331
1
2710
9357
72543
291
2
2711
2718
1800
72583
291
2
2712
2713
1
72623
291
1
2714
1
72623
331
1
2714
653
72663
291
2
2715
2716
1
72703
291
1
2717
1
72703
331
1
2717
1182
72743
291
1
2719
1000
72583
331
1
2719
712
72783
291
2
2720
2721
1
72823
291
1
2722
1
72823
331
1
2722
121
72863
291
2
2723
2724
1
72903
291
1
2725
1
72903
331
1
2725
1669
72943
291
2
2726
2727
1039
72983
291
1
2727
74
73023
291
2
2728
2729
1
73063
291
1
2730
1
73063
331
1
2730
1298
73103
291
4
2731
2732
2733
2734
18
73143
291
1
2735
22
73143
331
1
2736
2055
73143
371
1
2735
18
73143
411
1
2735
94
73183
291
1
2736
4071
73223
291
2
2737
2738
1
73263
291
1
2739
1
73263
331
1
2739
3666
73303
291
2
2740
2741
1
73343
291
1
2742
1
73343
331
1
2742
5147
73383
291
2
2743
2744
1
73423
291
1
2745
1
73423
331
1
2745
771
73463
291
2
2746
2747
1
73503
291
1
2748
1
73503
331
1
2748
5060
73543
291
2
2749
2750
1
73583
291
1
2751
1
73583
331
1
2751
2690
73623
291
2
2752
2753
1
73663
291
1
2753
1395
73703
291
2
2754
2755
1
73743
291
1
2756
1
73743
331
1
2756
34
73783
291
2
2757
2758
1
73823
291
1
2759
1
73823
331
1
2759
1142
73863
291
2
2760
2761
100
73903
291
1
2762
472
73903
331
1
2762
145
73943
291
2
2763
2764
1
73983
291
1
2765
1
73983
331
1
2765
745
74023
291
2
2766
2767
1
74063
291
1
2768
1
74063
331
1
2768
5249
74103
291
2
2769
2770
1
74143
291
1
2771
1
74143
331
1
2771
431
74183
291
2
2772
2773
1
74223
291
1
2774
1
74223
331
1
2774
1811
74263
291
2
2775
2776
1
74303
291
1
2777
1
74303
331
1
2777
10161
74343
291
2
2778
2779
1
74383
291
1
2780
1
74383
331
1
2780
405
74423
291
2
2781
2782
1
74463
291
1
2783
1
74463
331
1
2783
6671
74503
291
2
2784
2785
1
74543
291
1
2786
1
74543
331
1
2786
7675
74583
291
2
2787
2788
1
74623
291
1
2789
1
74623
331
1
2789
1230
74663
291
2
2790
2791
1
74703
291
1
2792
1
74703
331
1
2792
734
74743
291
2
2793
2794
1
74783
291
1
2795
1
74783
331
1
2795
858
74823
291
2
2796
2797
1
74863
291
1
2798
1
74863
331
1
2798
536
74903
291
2
2800
2799
21
74903
331
1
2800
4014
74943
291
2
2801
2802
1
74983
291
1
2803
1
74983
331
1
2803
483
75023
291
2
2804
2805
1
75063
291
1
2806
1
75063
331
1
2806
1829
75103
291
2
2807
2808
1
75143
291
1
2809
1
75143
331
1
2809
4891
75183
291
2
2810
2811
1
75223
291
1
2812
1
75223
331
1
2812
2436
75263
291
2
2813
2814
1
75303
291
1
2815
1
75303
331
1
2815
1635
75343
291
3
2816
2817
2818
9
75383
291
1
2819
8
75383
331
1
2819
9
75383
371
1
2819
2799
75423
291
2
2820
2821
1
75463
291
1
2822
1
75463
331
1
2822
5234
75503
291
2
2823
2824
1
75543
291
1
2825
1
75543
331
1
2825
1633
75583
291
2
2826
2827
1
75623
291
1
2828
1
75623
331
1
2828
460
75663
291
2
2829
2830
1
75703
291
1
2831
1
75703
331
1
2831
2479
75743
291
2
2832
2833
1
75783
291
1
2834
1
75783
331
1
2834
3481
75823
291
2
2835
2836
1
75863
291
1
2837
1
75863
331
1
2837
1735
75903
291
2
2838
2839
1
75943
291
1
2840
1
75943
331
1
2840
11034
75983
291
2
2841
2842
1
76023
291
1
2843
1
76023
331
1
2843
831
76063
291
2
2844
2845
1
76103
291
1
2846
1
76103
331
1
2846
1000
76143
291
2
2847
2848
1
76183
291
1
2849
1
76183
331
1
2849
2611
76223
291
2
2850
2851
1
76263
291
1
2852
1
76263
331
1
2852
7214
76303
291
2
2853
2854
3541
76343
291
1
2854
665
76383
291
2
2855
2859
46
76423
291
2
2856
2857
1
76463
291
1
2858
1
76463
331
1
2858
58
76503
291
1
2859
223
76543
291
2
2860
2861
1
76583
291
1
2862
1
76583
331
1
2862
276
76623
291
2
2863
2864
1
76663
291
1
2865
1
76663
331
1
2865
4547
76703
291
2
2866
2867
1
76743
291
1
2868
1
76743
331
1
2868
2314
76783
291
2
2869
2870
1
76823
291
1
2871
1
76823
331
1
2871
7955
76863
291
2
2872
2873
1
76903
291
1
2874
1
76903
331
1
2874
1162
76943
291
2
2875
2876
1
76983
291
1
2877
1
76983
331
1
2877
283
77023
291
2
2878
2879
1
77063
291
1
2880
1
77063
331
1
2880
4729
77103
291
2
2881
2884
138
77143
291
2
2882
2883
21
77183
291
1
2885
12
77183
331
1
2885
116
77143
331
1
2885
287
77223
291
2
2886
2887
1
77263
291
1
2888
1
77263
331
1
2888
23
77303
291
2
2889
2890
1
77343
291
1
2891
1
77343
331
1
2891
74
77383
291
2
2892
2893
1
77423
291
1
2894
1
77423
331
1
2894
71
77463
291
2
2895
2896
1
77503
291
1
2897
1
77503
331
1
2897
37
77543
291
2
2898
2899
3
77583
291
1
2900
3
77583
331
1
2900
56
77623
291
2
2901
2902
1
77663
291
1
2903
1
77663
331
1
2903
1607
77703
291
2
2904
2905
1
77743
291
1
2906
1
77743
331
1
2906
1273
77783
291
2
2907
2908
1
77823
291
1
2909
1
77823
331
1
2909
7077
77863
291
2
2910
2911
1
77903
291
1
2912
1
77903
331
1
2912
308
77943
291
2
2913
2914
1
77983
291
1
2915
1
77983
331
1
2915
5581
78023
291
2
2916
2917
1
78063
291
1
2917
1063
78103
291
2
2918
2919
1
78143
291
1
2920
1
78143
331
1
2920
2940
78183
291
2
2921
2922
1
78223
291
1
2923
1
78223
331
1
2923
1920
78263
291
2
2924
2925
1
78303
291
1
2926
1
78303
331
1
2926
1309
78343
291
2
2928
2927
1
78343
331
1
2928
1274
78383
291
2
2929
2930
1
78423
291
1
2931
1
78423
331
1
2931
912
78463
291
2
2932
2933
1
78503
291
1
2934
1
78503
331
1
2934
1733
78543
291
2
2935
2936
1358
78583
291
1
2936
1466
78623
291
2
2937
2938
1
78663
291
1
2939
1
78663
331
1
2939
1628
78703
291
2
2940
2941
1
78743
291
1
2942
1
78743
331
1
2942
942
78783
291
2
2943
2944
1
78823
291
1
2945
1
78823
331
1
2945
5589
78863
291
3
2946
2947
2948
1
78903
291
1
2949
1096
78903
331
1
2949
1
78903
371
1
2949
1644
78943
291
2
2950
2951
1
78983
291
1
2952
1
78983
331
1
2952
5958
79023
291
2
2954
2953
55
79023
331
1
2954
5149
79063
291
2
2955
2956
1
79103
291
1
2957
1
79103
331
1
2957
155
79143
291
2
2959
2958
102
79143
331
1
2959
9785
79183
291
2
2960
2961
1
79223
291
1
2962
1
79223
331
1
2962
1378
79263
291
2
2963
2964
53
79303
291
1
2964
855
79343
291
2
2965
2966
1
79383
291
1
2967
1
79383
331
1
2967
9057
79423
291
2
2968
2969
1
79463
291
1
2970
1
79463
331
1
2970
330
79503
291
2
2971
2972
1
79543
291
1
2973
1
79543
331
1
2973
709
79583
291
2
2974
2975
1
79623
291
1
2976
1
79623
331
1
2976
6112
79663
291
2
2977
2978
1
79703
291
1
2979
1
79703
331
1
2979
30032
79743
291
2
2980
2981
1
79783
291
1
2982
1
79783
331
1
2982
427
79823
291
2
2983
2984
112
79863
291
1
2985
1
79863
331
1
2985
25934
79903
291
2
2986
2987
1
79943
291
1
2988
1
79943
331
1
2988
2028
79983
291
2
2989
2990
1
80023
291
1
2991
1
80023
331
1
2991
6864
80063
291
2
2992
2993
1
80103
291
1
2994
1
80103
331
1
2994
881
80143
291
2
2995
2996
1
80183
291
1
2997
1
80183
331
1
2997
6504
80223
291
2
3005
2998
283
80223
331
2
2999
3003
65
80263
291
2
3000
3001
1473
80303
291
1
3002
691
80303
331
1
3002
98
80343
291
1
3004
101
80263
331
1
3004
221
80383
291
1
3005
6606
80423
291
2
3006
3007
1
80463
291
1
3008
1
80463
331
1
3008
5778
80503
291
2
3009
3010
1
80543
291
1
3011
1
80543
331
1
3011
3918
80583
291
2
3012
3013
1
80623
291
1
3014
1
80623
331
1
3014
2177
80663
291
2
3015
3016
1
80703
291
1
3017
1
80703
331
1
3017
2441
80743
291
2
3018
3019
1
80783
291
1
3020
1
80783
331
1
3020
1366
80823
291
3
3021
3022
3032
254
80863
291
1
3023
111
80863
331
1
3023
77
80903
291
2
3024
3025
71
80943
291
1
3025
178
80983
291
2
3026
3027
37
81023
291
1
3028
476
81023
331
1
3028
37
81063
291
2
3029
3030
470
81103
291
1
3031
378
81103
331
1
3031
255
81143
291
1
3032
218
81183
291
2
3033
3034
5208
81223
291
1
3056
230
81223
331
3
3035
3037
3038
440
81263
291
2
3036
3039
1107
81303
291
1
3039
254
81263
331
1
3056
9008
81263
371
1
3039
1624
81343
291
4
3040
3043
3041
3042
644
81383
291
1
3045
851
81383
371
1
3056
1532
81383
411
1
3043
206
81423
291
2
3044
3045
153
81463
291
1
3045
120
81503
291
4
3046
3047
3048
3055
25
81543
291
1
3049
5301
81543
331
1
3056
25
81543
371
1
3049
177
81583
291
2
3050
3051
37
81623
291
1
3052
26
81623
331
1
3052
76
81663
291
2
3053
3054
70
81703
291
1
3054
154
81743
291
1
3056
530
81543
411
1
3056
113
81783
291
2
3057
3058
1403
81823
291
1
3063
144
81823
331
3
3059
3060
3061
42
81863
291
1
3062
3941
81863
331
1
3062
39
81863
371
1
3062
141
81903
291
1
3063
39
81943
291
2
3064
3065
37
81983
291
1
3066
2341
81983
331
1
3066
140
82023
291
2
3067
3068
1785
82063
291
1
3068
2531
82103
291
2
3070
3069
1806
82103
331
1
3070
7469
82143
291
2
3071
3072
1
82183
291
1
3073
1
82183
331
1
3073
2619
82223
291
2
3074
3075
1258
82263
291
1
3076
210
82263
331
1
3076
840
82303
291
2
3077
3078
1
82343
291
1
3079
1
82343
331
1
3079
1123
82383
291
2
3080
3081
1
82423
291
1
3082
1
82423
331
1
3082
122
82463
291
2
3083
3084
1
82503
291
1
3085
1
82503
331
1
3085
17676
82543
291
2
3087
3086
108
82543
331
1
3087
7423
82583
291
4
3088
3089
3090
3091
267
82623
291
1
3092
1077
82623
331
1
3092
267
82623
371
1
3092
1034
82623
411
1
3092
284
82663
291
2
3093
3094
1
82703
291
1
3095
1
82703
331
1
3095
195
82743
291
2
3096
3097
1
82783
291
1
3098
1
82783
331
1
3098
4706
82823
291
2
3099
3100
1
82863
291
1
3101
1
82863
331
1
3101
2496
82903
291
3
3102
3103
3104
4
82943
291
1
3105
4
82943
331
1
3106
3
82943
371
1
3105
54
82983
291
1
3106
950
83023
291
2
3107
3108
1
83063
291
1
3109
1
83063
331
1
3109
5411
83103
291
2
3110
3111
1
83143
291
1
3112
1
83143
331
1
3112
8975
83183
291
2
3113
3114
1
83223
291
1
3115
1
83223
331
1
3115
289
83263
291
2
3116
3117
1
83303
291
1
3118
1
83303
331
1
3118
399
83343
291
2
3119
3120
1
83383
291
1
3121
1
83383
331
1
3121
2438
83423
291
2
3122
3123
1
83463
291
1
3124
1
83463
331
1
3124
731
83503
291
2
3125
3126
1
83543
291
1
3127
1
83543
331
1
3127
362
83583
291
2
3128
3129
1
83623
291
1
3130
1
83623
331
1
3130
1114
83663
291
2
3131
3132
53
83703
291
1
3132
5162
83743
291
2
3133
3134
1
83783
291
1
3135
1
83783
331
1
3135
4477
83823
291
2
3136
3137
1
83863
291
1
3138
1
83863
331
1
3138
4430
83903
291
2
3139
3140
1
83943
291
1
3141
1
83943
331
1
3141
1316
83983
291
2
3142
3143
1
84023
291
1
3144
1
84023
331
1
3144
861
84063
291
2
3145
3146
1
84103
291
1
3147
1
84103
331
1
3147
10440
84143
291
2
3148
3149
1
84183
291
1
3150
1
84183
331
1
3150
6706
84223
291
2
3152
3151
3
84223
331
1
3152
528
84263
291
2
3153
3154
1
84303
291
1
3155
1
84303
331
1
3155
1961
84343
291
2
3156
3157
1
84383
291
1
3158
1
84383
331
1
3158
4615
84423
291
4
3161
3159
3160
3163
179
84423
331
1
3163
280
84423
371
1
3161
64
84503
291
2
3162
3167
56
84583
291
1
3167
40
84463
291
3
3164
3165
3166
94
84543
291
1
3166
10
84543
331
1
3167
24
84623
291
1
3167
2156
84663
291
2
3168
3169
1
84703
291
1
3170
1
84703
331
1
3170
4530
84743
291
2
3171
3172
213
84783
291
1
3172
5797
84823
291
2
3173
3174
1
84863
291
1
3175
1
84863
331
1
3175
1795
84903
291
2
3176
3177
1
84943
291
1
3178
1
84943
331
1
3178
534
84983
291
2
3179
3180
33
85023
291
1
3181
33
85023
331
1
3181
190
85063
291
2
3182
3183
2
85103
291
1
3184
2
85103
331
1
3184
232
85143
291
2
3185
3186
1
85183
291
1
3187
1
85183
331
1
3187
1803
85223
291
2
3188
3189
1
85263
291
1
3190
1
85263
331
1
3190
9358
85303
291
2
3191
3192
1
85343
291
1
3193
1
85343
331
1
3193
377
85383
291
2
3194
3195
1
85423
291
1
3196
1
85423
331
1
3196
1933
85463
291
2
3197
3198
1
85503
291
1
3199
1
85503
331
1
3199
5744
85543
291
2
3200
3201
1
85583
291
1
3202
1
85583
331
1
3202
180
85623
291
2
3203
3204
1
85663
291
1
3205
1
85663
331
1
3205
1871
85703
291
2
3206
3207
1
85743
291
1
3208
1
85743
331
1
3208
1202
85783
291
2
3209
3210
1
85823
291
1
3211
1
85823
331
1
3211
4631
85863
291
2
3212
3213
1
85903
291
1
3214
1
85903
331
1
3214
21426
85943
291
2
3215
3216
1
85983
291
1
3217
1
85983
331
1
3217
116
86023
291
3
3218
3219
3220
13
86063
291
1
3221
13
86063
331
1
3221
13
86063
371
1
3221
8932
86103
291
2
3222
3223
1
86143
291
1
3224
1
86143
331
1
3224
2700
86183
291
2
3225
3226
1
86223
291
1
3227
1
86223
331
1
3227
19944
86263
291
2
3228
3229
1
86303
291
1
3230
1
86303
331
1
3230
8035
86343
291
6
3231
3232
3235
3233
3234
3236
161
86383
291
1
3239
394
86383
331
1
3237
1
86383
411
1
3239
2411
86383
451
1
3235
94
86423
291
1
3237
35
86383
491
1
3237
84
86463
291
2
3239
3238
59
86463
331
1
3239
1838
86503
291
2
3240
3241
1
86543
291
1
3242
1
86543
331
1
3242
436
86583
291
2
3243
3244
1
86623
291
1
3245
1
86623
331
1
3245
3973
86663
291
2
3246
3247
1
86703
291
1
3248
1
86703
331
1
3248
4920
86743
291
2
3249
3250
1
86783
291
1
3251
1
86783
331
1
3251
934
86823
291
2
3252
3253
1
86863
291
1
3254
1
86863
331
1
3254
9364
86903
291
2
3255
3256
1
86943
291
1
3257
1
86943
331
1
3257
5102
86983
291
2
3258
3259
1
87023
291
1
3260
1
87023
331
1
3260
4426
87063
291
2
3261
3262
1
87103
291
1
3263
1
87103
331
1
3263
6500
87143
291
2
3264
3265
1
87183
291
1
3266
1
87183
331
1
3266
3857
87223
291
5
3267
3268
3273
3269
3272
1380
87263
291
1
3270
100
87263
331
1
3270
8691
87263
411
1
3270
1060
87303
291
2
3273
3271
6883
87303
331
1
3273
2437
87263
451
1
3273
1343
87343
291
3
3274
3275
3276
2704
87383
291
1
3278
210
87383
331
1
3277
27
87383
371
1
3277
491
87423
291
1
3278
174
87463
291
2
3279
3280
1
87503
291
1
3281
1
87503
331
1
3281
7323
87543
291
2
3282
3283
1
87583
291
1
3284
1
87583
331
1
3284
2682
87623
291
2
3285
3286
1
87663
291
1
3287
1
87663
331
1
3287
6278
87703
291
2
3288
3289
1
87743
291
1
3290
1
87743
331
1
3290
9323
87783
291
2
3291
3292
1
87823
291
1
3293
1
87823
331
1
3293
6392
87863
291
2
3294
3295
1
87903
291
1
3296
1
87903
331
1
3296
689
87943
291
2
3297
3298
1
87983
291
1
3299
1
87983
331
1
3299
4161
88023
291
2
3300
3301
1
88063
291
1
3302
1
88063
331
1
3302
3447
88103
291
2
3303
3304
1
88143
291
1
3305
1
88143
331
1
3305
2938
88183
291
3
3306
3307
3308
11
88223
291
1
3309
11
88223
331
1
3309
11
88223
371
1
3309
3052
88263
291
2
3310
3311
1
88303
291
1
3312
1
88303
331
1
3312
537
88343
291
2
3313
3314
1
88383
291
1
3315
1
88383
331
1
3315
3507
88423
291
2
3316
3317
1
88463
291
1
3318
1
88463
331
1
3318
2046
88503
291
2
3319
3320
1
88543
291
1
3321
1
88543
331
1
3321
5453
88583
291
2
3322
3323
5
88623
291
1
3324
5
88623
331
1
3324
4904
88663
291
2
3325
3326
1
88703
291
1
3327
1
88703
331
1
3327
3123
88743
291
2
3328
3329
11
88783
291
1
3330
2902
88783
331
1
3330
991
88823
291
2
3331
3332
1
88863
291
1
3333
1
88863
331
1
3333
4275
88903
291
2
3334
3335
1
88943
291
1
3336
1
88943
331
1
3336
11857
88983
291
2
3337
3338
1
89023
291
1
3339
1
89023
331
1
3339
103
89063
291
2
3340
3341
2
89103
291
1
3342
2
89103
331
1
3342
3910
89143
291
2
3343
3344
1
89183
291
1
3345
1
89183
331
1
3345
5582
89223
291
2
3346
3347
1
89263
291
1
3348
1
89263
331
1
3348
284
89303
291
2
3349
3350
1
89343
291
1
3350
1020
89383
291
2
3351
3352
1
89423
291
1
3353
1
89423
331
1
3353
1736
89463
291
2
3354
3355
3947
89503
291
1
3355
65
89543
291
2
3356
3364
762
89583
291
2
3357
3358
1
89623
291
1
3359
1
89623
331
1
3359
23
89663
291
2
3360
3361
172
89703
291
1
3361
95
89743
291
2
3362
3363
1
89783
291
1
3363
28
89823
291
1
3365
1000
89583
331
1
3365
1202
89863
291
2
3366
3367
1
89903
291
1
3368
1
89903
331
1
3368
3128
89943
291
2
3369
3370
1
89983
291
1
3371
1
89983
331
1
3371
505
90023
291
2
3372
3373
1
90063
291
1
3374
1
90063
331
1
3374
1606
90103
291
2
3375
3376
1
90143
291
1
3377
1
90143
331
1
3377
15310
90183
291
2
3378
3379
1
90223
291
1
3380
1
90223
331
1
3380
4354
90263
291
2
3381
3382
1
90303
291
1
3383
1
90303
331
1
3383
2882
90343
291
2
3384
3385
1
90383
291
1
3386
1
90383
331
1
3386
1126
90423
291
2
3387
3388
1
90463
291
1
3389
1
90463
331
1
3389
6294
90503
291
2
3390
3391
1
90543
291
1
3392
1
90543
331
1
3392
11951
90583
291
2
3393
3394
1
90623
291
1
3395
1
90623
331
1
3395
5585
90663
291
2
3396
3397
1
90703
291
1
3398
1
90703
331
1
3398
10291
90743
291
2
3399
3400
1
90783
291
1
3401
1
90783
331
1
3401
963
90823
291
2
3402
3403
1
90863
291
1
3404
1
90863
331
1
3404
3614
90903
291
2
3406
3405
581
90903
331
1
3406
266
90943
291
2
3408
3407
1358
90943
331
1
3408
122
90983
291
2
3409
3410
1358
91023
291
1
3410
452
91063
291
2
3411
3412
1
91103
291
1
3413
1
91103
331
1
3413
424
91143
291
2
3414
3415
1358
91183
291
1
3415
1950
91223
291
2
3416
3417
1
91263
291
1
3417
2432
91303
291
2
3418
3419
1
91343
291
1
3420
1
91343
331
1
3420
322
91383
291
2
3421
3422
1
91423
291
1
3423
1
91423
331
1
3423
209
91463
291
2
3424
3425
1
91503
291
1
3426
1
91503
331
1
3426
3526
91543
291
2
3427
3428
1
91583
291
1
3429
1
91583
331
1
3429
779
91623
291
2
3430
3431
1
91663
291
1
3432
1
91663
331
1
3432
7623
91703
291
2
3433
3434
1
91743
291
1
3434
3416
91783
291
2
3435
3436
1
91823
291
1
3437
1
91823
331
1
3437
1513
91863
291
2
3438
3439
1
91903
291
1
3440
1
91903
331
1
3440
29
91943
291
2
3441
3442
1
91983
291
1
3443
1
91983
331
1
3443
899
92023
291
2
3444
3445
1
92063
291
1
3446
1
92063
331
1
3446
3760
92103
291
2
3447
3448
1
92143
291
1
3449
1
92143
331
1
3449
6901
92183
291
2
3450
3451
1
92223
291
1
3452
1
92223
331
1
3452
2747
92263
291
2
3453
3454
1
92303
291
1
3455
1
92303
331
1
3455
3225
92343
291
2
3457
3456
112
92343
331
1
3457
10420
92383
291
2
3458
3459
1
92423
291
1
3460
1
92423
331
1
3460
6818
92463
291
2
3461
3462
1
92503
291
1
3463
1
92503
331
1
3463
3614
92543
291
2
3464
3465
1
92583
291
1
3466
1
92583
331
1
3466
7185
92623
291
2
3467
3468
1
92663
291
1
3469
1
92663
331
1
3469
2280
92703
291
2
3470
3471
1
92743
291
1
3472
1
92743
331
1
3472
18151
92783
291
2
3473
3474
1
92823
291
1
3475
1
92823
331
1
3475
1189
92863
291
2
3476
3477
1
92903
291
1
3478
1
92903
331
1
3478
8732
92943
291
2
3479
3480
1
92983
291
1
3481
1
92983
331
1
3481
9643
93023
291
2
3482
3483
1
93063
291
1
3484
1
93063
331
1
3484
1313
93103
291
2
3485
3488
135
93143
291
2
3486
3488
63
93183
291
2
3488
3487
237
93183
331
1
3488
3273
93223
291
2
3489
3490
1
93263
291
1
3491
1
93263
331
1
3491
2293
93303
291
2
3492
3493
1
93343
291
1
3494
1
93343
331
1
3494
4377
93383
291
2
3495
3496
1
93423
291
1
3497
1
93423
331
1
3497
6278
93463
291
2
3498
3499
1
93503
291
1
3499
9345
93543
291
2
3500
3501
1
93583
291
1
3502
1
93583
331
1
3502
1427
93623
291
3
3503
3505
3504
174
93663
291
1
3505
116
93663
371
1
3505
10049
93703
291
2
3506
3507
1
93743
291
1
3508
1
93743
331
1
3508
3595
93783
291
2
3509
3510
1
93823
291
1
3511
1
93823
331
1
3511
1333
93863
291
2
3512
3513
1
93903
291
1
3514
1
93903
331
1
3514
3123
93943
291
2
3515
3516
1
93983
291
1
3517
1
93983
331
1
3517
1327
94023
291
3
3518
3519
3524
6203
94063
291
1
3537
3806
94063
331
2
3520
3521
16
94103
291
1
3524
94
94103
331
2
3522
3523
1055
94143
291
1
3524
4578
94143
331
1
3524
307
94183
291
3
3525
3526
3536
4742
94223
291
1
3535
53
94223
331
2
3527
3534
996
94263
291
3
3528
3529
3533
263
94303
291
1
3529
172
94343
291
2
3530
3531
1
94383
291
1
3532
1
94383
331
1
3532
591
94423
291
1
3535
2201
94303
371
1
3535
1451
94263
331
1
3535
46
94463
291
1
3537
2990
94223
371
1
3537
731
94503
291
2
3538
3539
1
94543
291
1
3540
1
94543
331
1
3540
931
94583
291
2
3541
3542
1
94623
291
1
3543
1
94623
331
1
3543
1448
94663
291
2
3544
3545
1
94703
291
1
3546
1
94703
331
1
3546
6145
94743
291
2
3547
3548
1
94783
291
1
3549
1
94783
331
1
3549
7525
94823
291
2
3550
3551
1
94863
291
1
3552
1
94863
331
1
3552
1133
94903
291
4
3553
3554
3555
3566
9919
94943
291
1
3651
1
94943
331
1
3556
1
94943
371
1
3556
52
94983
291
2
3557
3558
1
95063
291
1
3559
1
95063
331
1
3559
941
95103
291
2
3560
3561
629
95143
291
1
3562
671
95143
331
1
3562
23
95183
291
2
3563
3564
2
95223
291
1
3565
2
95223
331
1
3565
133
95263
291
1
3569
53
94943
411
2
3567
3568
1
95023
291
1
3569
1
95023
331
1
3569
269
95303
291
3
3570
3571
3598
108
95343
291
1
3599
139
95343
331
2
3572
3573
19
95383
291
1
3574
19
95383
331
1
3574
64
95423
291
2
3575
3576
1
95463
291
1
3577
1
95463
331
1
3577
53
95503
291
2
3578
3580
132
95543
291
2
3581
3579
1329
95543
331
1
3581
1486
95543
331
1
3581
1092
95583
291
2
3582
3583
1
95623
291
1
3584
1
95623
331
1
3584
62
95663
291
2
3585
3586
1
95703
291
1
3587
1
95703
331
1
3587
59
95743
291
3
3588
3589
3593
7
95783
291
1
3590
7
95783
331
1
3590
35
95823
291
2
3591
3592
1
95863
291
1
3594
1
95863
331
1
3594
202
95783
371
1
3594
56
95903
291
2
3595
3596
1
95943
291
1
3597
1
95943
331
1
3597
47
95983
291
1
3598
108
96023
291
1
3599
3300
96063
291
2
3600
3601
7
96103
291
1
3602
7
96103
331
1
3602
35
96143
291
2
3603
3604
1
96183
291
1
3605
1
96183
331
1
3605
56
96223
291
2
3606
3607
1
96263
291
1
3608
1
96263
331
1
3608
47
96303
291
2
3609
3610
9
96343
291
1
3611
9
96343
331
1
3611
98
96383
291
2
3612
3650
227
96423
291
2
3613
3649
222
96463
291
2
3614
3615
1
96503
291
1
3616
1
96503
331
1
3616
1337
96543
291
4
3617
3618
3626
3628
929
96583
291
1
3633
398
96583
331
2
3620
3619
133
96583
331
1
3620
20
96623
291
2
3622
3621
18
96623
331
1
3622
143
96663
291
2
3623
3624
7
96703
291
1
3625
1
96703
331
1
3625
54
96743
291
1
3627
1000
96583
371
1
3627
715
96783
291
1
3629
176
96583
411
1
3629
401
96823
291
2
3630
3631
20
96863
291
1
3632
15
96863
331
1
3632
123
96903
291
1
3633
28
96943
291
2
3634
3635
86
96983
291
1
3636
688
96983
331
1
3636
26
97023
291
2
3637
3638
3591
97063
291
1
3639
446
97063
331
1
3639
28
97103
291
2
3640
3641
549
97143
291
1
3642
99
97143
331
1
3642
27
97183
291
2
3643
3645
43
97223
291
2
3646
3644
9
97223
331
1
3646
1202
97223
331
1
3646
618
97263
291
2
3647
3648
179
97303
291
1
3651
16
97303
331
1
3651
5962
96463
331
1
3651
5241
96423
331
1
3651
4329
97343
291
2
3652
3653
1
97383
291
1
3654
1
97383
331
1
3654
515
97423
291
2
3655
3656
1
97463
291
1
3657
1
97463
331
1
3657
4086
97503
291
2
3658
3659
5
97543
291
1
3660
5
97543
331
1
3660
125
97583
291
2
3661
3662
1
97623
291
1
3663
1
97623
331
1
3663
1580
97663
291
2
3664
3665
1
97703
291
1
3666
1
97703
331
1
3666
908
97743
291
2
3667
3674
53
97783
291
2
3668
3672
490
97823
291
2
3669
3670
1
97863
291
1
3671
1
97863
331
1
3671
394
97903
291
1
3673
10
97823
331
1
3673
106
97943
291
1
3675
1183
97783
331
1
3675
1927
97983
291
2
3677
3676
10
97983
331
1
3677
893
98023
291
2
3679
3678
1142
98023
331
1
3679
488
98063
291
2
3680
3681
1
98103
291
1
3682
1
98103
331
1
3682
2930
98143
291
2
3683
3684
1
98183
291
1
3685
1
98183
331
1
3685
26
98223
291
2
3686
3687
7
98263
291
1
3688
7
98263
331
1
3688
7146
98303
291
2
3689
3690
1
98343
291
1
3691
1
98343
331
1
3691
3116
98383
291
2
3692
3693
1
98423
291
1
3693
6335
98463
291
2
3694
3695
1
98503
291
1
3696
1
98503
331
1
3696
1119
98543
291
2
3697
3698
1
98583
291
1
3699
1
98583
331
1
3699
1487
98623
291
2
3701
3700
66
98623
331
1
3701
95
98663
291
2
3702
3703
102
98703
291
1
3703
3816
98743
291
2
3704
3705
1
98783
291
1
3706
1
98783
331
1
3706
586
98823
291
2
3707
3708
1
98863
291
1
3709
1
98863
331
1
3709
1021
98903
291
2
3710
3711
1
98943
291
1
3712
1
98943
331
1
3712
9830
98983
291
2
3713
3714
1358
99023
291
1
3714
219
99063
291
2
3715
3716
1
99103
291
1
3717
1
99103
331
1
3717
506
99143
291
2
3718
3719
1
99183
291
1
3720
2
99183
331
1
3720
171
99223
291
2
3721
3722
1
99263
291
1
3723
1
99263
331
1
3723
4856
99303
291
2
3725
3724
75
99303
331
1
3725
1116
99343
291
2
3727
3726
54
99343
331
1
3727
13700
99383
291
2
3728
3729
1
99423
291
1
3730
1
99423
331
1
3730
3378
99463
291
5
3731
3732
3737
3733
3736
1287
99503
291
1
3734
26
99503
331
1
3734
183
99503
411
1
3734
88
99543
291
2
3735
3737
116
99583
291
1
3737
72
99503
451
1
3737
2663
99623
291
2
3738
3739
1
99663
291
1
3740
1
99663
331
1
3740
3524
99703
291
2
3741
3742
1
99743
291
1
3743
1
99743
331
1
3743
10054
99783
291
2
3744
3745
1
99823
291
1
3746
1
99823
331
1
3746
657
99863
291
2
3747
3748
1
99903
291
1
3749
1
99903
331
1
3749
1473
99943
291
2
3750
3751
1
99983
291
1
3752
1
99983
331
1
3752
390
100023
291
2
3753
3754
1
100063
291
1
3755
1
100063
331
1
3755
1501
100103
291
2
3756
3757
1
100143
291
1
3758
1
100143
331
1
3758
957
100183
291
3
3759
3765
3788
898
100223
291
2
3760
3761
6
100263
291
1
3762
6
100263
331
1
3762
786
100343
291
2
3764
3763
1
100383
331
1
3764
27
100423
291
1
3766
3740
100223
331
1
3766
1552
100463
291
2
3767
3768
1
100503
291
1
3769
1
100503
331
1
3769
1597
100543
291
2
3770
3771
1
100583
291
1
3772
1
100583
331
1
3772
76
100623
291
4
3773
3774
3784
3785
39
100663
291
1
3775
38
100663
331
1
3775
109
100703
291
2
3776
3777
428
100783
291
1
3778
311
100783
331
1
3778
56
100823
291
2
3779
3780
1
100863
291
1
3781
1
100863
331
1
3781
2114
100903
291
2
3782
3783
749
100943
291
1
3791
79
100943
331
1
3791
38
100663
371
1
3786
39
100663
411
1
3786
365
100743
291
2
3791
3787
5658
100783
331
1
3791
347
100223
371
2
3789
3790
1
100303
291
1
3790
75
100383
291
1
3791
1073
100983
291
2
3793
3792
1810
100983
331
1
3793
11750
101023
291
2
3794
3795
1
101063
291
1
3796
1
101063
331
1
3796
1296
101103
291
2
3797
3798
1
101143
291
1
3799
1
101143
331
1
3799
1819
101183
291
2
3800
3801
1
101223
291
1
3801
1004
101263
291
2
3802
3803
1
101303
291
1
3804
1
101303
331
1
3804
3068
101343
291
2
3805
3806
1
101383
291
1
3807
1
101383
331
1
3807
8336
101423
291
2
3808
3809
1
101463
291
1
3810
1
101463
331
1
3810
1998
101503
291
2
3811
3812
1
101543
291
1
3813
1
101543
331
1
3813
1134
101583
291
2
3814
3815
1
101623
291
1
3816
1
101623
331
1
3816
3034
101663
291
2
3817
3818
1
101703
291
1
3819
1
101703
331
1
3819
2034
101743
291
2
3820
3821
1
101783
291
1
3822
1
101783
331
1
3822
225
101823
291
3
3823
3824
3826
9
101863
291
1
3825
9
101863
331
1
3825
386
101903
291
1
3827
25
101863
371
1
3827
659
101943
291
2
3828
3829
1
101983
291
1
3830
1
101983
331
1
3830
560
102023
291
2
3831
3832
1
102063
291
1
3833
1
102063
331
1
3833
4366
102103
291
2
3834
3835
1
102143
291
1
3836
1
102143
331
1
3836
944
102183
291
2
3838
3837
1358
102183
331
1
3838
534
102223
291
2
3839
3840
1
102263
291
1
3841
1
102263
331
1
3841
65
102303
291
2
3842
3843
1
102343
291
1
3844
1
102343
331
1
3844
3527
102383
291
2
3845
3846
1
102423
291
1
3847
1
102423
331
1
3847
440
102463
291
2
3849
3848
21
102463
331
1
3849
1681
102503
291
2
3850
3851
1
102543
291
1
3852
1
102543
331
1
3852
20161
102583
291
2
3853
3854
1
102623
291
1
3855
1
102623
331
1
3855
2342
102663
291
2
3856
3857
1
102703
291
1
3858
1
102703
331
1
3858
391
102743
291
2
3859
3860
1
102783
291
1
3861
1
102783
331
1
3861
3214
102823
291
2
3862
3863
1
102863
291
1
3864
1
102863
331
1
3864
1848
102903
291
2
3865
3866
1
102943
291
1
3867
1
102943
331
1
3867
754
102983
291
2
3868
3869
3103
103023
291
1
3881
60
103023
331
2
3871
3870
96
103023
331
1
3871
958
103063
291
2
3872
3873
9
103103
291
1
3873
35
103143
291
2
3874
3875
9
103183
291
1
3875
451
103223
291
2
3876
3877
1
103263
291
1
3878
1
103263
331
1
3878
42
103303
291
2
3879
3880
18
103343
291
1
3880
393
103383
291
1
3881
42
103423
291
2
3882
3883
54
103463
291
1
3886
43
103463
331
2
3884
3885
9
103503
291
1
3885
83
103543
291
1
3886
833
103583
291
2
3887
3888
9
103623
291
1
3888
110
103663
291
2
3889
3890
54
103703
291
1
3890
270
103743
291
2
3892
3891
27
103743
331
1
3892
453
103783
291
6
3893
3894
3895
3896
3963
3964
1637
103823
291
1
3933
1000
103823
331
1
3965
14624
103823
371
1
3970
491
103823
411
5
3897
3898
3901
3899
3900
6552
103863
291
1
3901
78
103863
331
1
3901
1041
103863
411
1
3901
78
103863
451
1
3901
1754
103943
291
4
3912
3903
3902
3905
603
103983
371
1
3903
645
104063
291
2
3904
3913
1260
104143
291
1
3913
86
103983
411
2
3906
3907
101
104103
291
1
3908
1307
104103
331
1
3908
31
104183
291
2
3909
3910
49
104223
291
1
3911
1
104223
331
1
3911
375
104263
291
1
3912
45
104303
291
1
3913
98
104343
291
4
3914
3915
3916
3920
62
104383
291
1
3917
4386
104383
331
1
3920
1247
104383
371
1
3917
34
104463
291
2
3918
3919
1521
104503
291
1
3921
230
104503
331
1
3921
284
104423
291
1
3921
808
104543
291
2
3922
3923
1
104583
291
1
3924
1
104583
331
1
3924
891
104623
291
2
3925
3926
1
104663
291
1
3927
1
104663
331
1
3927
3494
104703
291
4
3928
3929
3930
3932
9
104743
291
1
3930
3026
104743
331
1
3933
337
104783
291
2
3931
3932
9
104823
291
1
3932
282
104863
291
1
3933
857
104903
291
2
3934
3935
1
104943
291
1
3936
1
104943
331
1
3936
88
104983
291
2
3938
3937
36
104983
331
1
3938
171
105023
291
3
3941
3939
3940
36
105023
331
1
3941
72
105023
371
1
3941
393
105063
291
2
3942
3943
27
105103
291
1
3943
1827
105143
291
2
3945
3944
1500
105143
331
1
3945
275
105183
291
2
3946
3962
681
105223
291
3
3947
3948
3961
4067
105263
291
1
3954
241
105263
331
2
3949
3950
85
105303
291
1
3951
91
105303
331
1
3951
173
105343
291
2
3952
3953
343
105383
291
1
3954
10
105383
331
1
3954
413
105423
291
4
3955
3956
3957
3959
244
105463
291
1
3958
223
105463
331
1
3969
1000
105463
371
1
3958
347
105503
291
1
3959
223
105543
291
2
3969
3960
1200
105543
331
1
3969
927
105263
371
1
3969
2674
105223
331
1
3969
1000
103823
451
1
3969
2010
103823
491
1
3965
609
103903
291
2
3966
3967
1
103983
291
1
3968
1
103983
331
1
3968
598
104023
291
1
3969
1007
105583
291
1
3970
1970
105623
291
2
3971
3972
1
105663
291
1
3973
1
105663
331
1
3973
5444
105703
291
2
3974
3975
1
105743
291
1
3976
1
105743
331
1
3976
1172
105783
291
2
3977
3978
1
105823
291
1
3979
1
105823
331
1
3979
7942
105863
291
2
3980
3981
1
105903
291
1
3982
1
105903
331
1
3982
93
105943
291
2
3983
3984
1
105983
291
1
3985
1
105983
331
1
3985
4678
106023
291
2
3986
3987
1
106063
291
1
3987
3119
106103
291
2
3988
3989
1
106143
291
1
3990
1
106143
331
1
3990
6880
106183
291
2
3991
3992
1
106223
291
1
3993
1
106223
331
1
3993
3431
106263
291
2
3994
3995
1
106303
291
1
3996
1
106303
331
1
3996
9748
106343
291
2
3997
3998
1
106383
291
1
3999
1
106383
331
1
3999
3813
106423
291
2
4000
4001
1
106463
291
1
4002
1
106463
331
1
4002
8139
106503
291
2
4003
4004
3
106543
291
1
4005
3
106543
331
1
4005
14499
106583
291
2
4006
4007
1
106623
291
1
4008
1
106623
331
1
4008
5127
106663
291
2
4009
4010
1
106703
291
1
4011
1
106703
331
1
4011
1392
106743
291
2
4012
4013
1
106783
291
1
4014
1
106783
331
1
4014
4315
106823
291
3
4015
4016
4017
6
106863
291
1
4016
96
106903
291
1
4018
24
106863
371
1
4018
2117
106943
291
2
4019
4020
1
106983
291
1
4021
1
106983
331
1
4021
887
107023
291
2
4022
4023
1
107063
291
1
4024
1
107063
331
1
4024
10445
107103
291
2
4025
4026
1
107143
291
1
4027
1
107143
331
1
4027
6888
107183
291
5
4028
4029
4030
4031
4035
1
107223
291
1
4032
445
107223
331
1
4036
1
107223
371
1
4032
1
107223
411
1
4032
443
107263
291
2
4033
4034
1
107303
291
1
4036
112
107303
331
1
4036
1
107223
451
1
4036
2306
107343
291
2
4037
4038
1
107383
291
1
4039
1
107383
331
1
4039
4102
107423
291
2
4040
4041
1
107463
291
1
4042
1
107463
331
1
4042
564
107503
291
2
4043
4044
4
107543
291
1
4045
4
107543
331
1
4045
1383
107583
291
2
4046
4047
1
107623
291
1
4048
1
107623
331
1
4048
2443
107663
291
2
4049
4050
1
107703
291
1
4051
1
107703
331
1
4051
7693
107743
291
2
4052
4053
1
107783
291
1
4054
1
107783
331
1
4054
1146
107823
291
2
4055
4056
1
107863
291
1
4057
1
107863
331
1
4057
4189
107903
291
2
4058
4059
1
107943
291
1
4060
1
107943
331
1
4060
719
107983
291
2
4061
4062
1
108023
291
1
4063
1
108023
331
1
4063
296
108063
291
2
4064
4065
1
108103
291
1
4066
1
108103
331
1
4066
4772
108143
291
2
4067
4068
1
108183
291
1
4069
1
108183
331
1
4069
2289
108223
291
2
4070
4071
1
108263
291
1
4072
1
108263
331
1
4072
3126
108303
291
2
4073
4074
1
108343
291
1
4075
1
108343
331
1
4075
5749
108383
291
2
4076
4077
52
108423
291
1
4078
1000
108423
331
1
4078
6634
108463
291
2
4079
4080
1
108503
291
1
4081
1
108503
331
1
4081
678
108543
291
2
4082
4083
1
108583
291
1
4084
1
108583
331
1
4084
3683
108623
291
2
4085
4086
1
108663
291
1
4087
1
108663
331
1
4087
5964
108703
291
2
4088
4089
1
108743
291
1
4090
1
108743
331
1
4090
9736
108783
291
4
4094
4091
4092
4093
224
108783
331
1
4094
171
108783
371
1
4094
171
108783
411
1
4094
5852
108823
291
2
4095
4096
1
108863
291
1
4097
1
108863
331
1
4097
18116
108903
291
2
4098
4099
1
108943
291
1
4100
1
108943
331
1
4100
11089
108983
291
2
4101
4102
1
109023
291
1
4103
1
109023
331
1
4103
699
109063
291
3
4104
4106
4105
177
109103
291
1
4106
118
109103
371
1
4106
1948
109143
291
2
4107
4108
1
109183
291
1
4109
1
109183
331
1
4109
723
109223
291
2
4110
4111
1
109263
291
1
4112
1
109263
331
1
4112
506
109303
291
2
4113
4114
1
109343
291
1
4115
1
109343
331
1
4115
2242
109383
291
2
4116
4117
1
109423
291
1
4118
1
109423
331
1
4118
8322
109463
291
2
4119
4120
1
109503
291
1
4121
1
109503
331
1
4121
7490
109543
291
2
4122
4123
1
109583
291
1
4124
1
109583
331
1
4124
3024
109623
291
2
4125
4126
1
109663
291
1
4127
1
109663
331
1
4127
2183
109703
291
2
4128
4129
1
109743
291
1
4130
1
109743
331
1
4130
4122
109783
291
2
4131
4132
1
109823
291
1
4133
1
109823
331
1
4133
331
109863
291
2
4134
4135
1
109903
291
1
4136
1
109903
331
1
4136
202
109943
291
2
4137
4138
1
109983
291
1
4139
1
109983
331
1
4139
6054
110023
291
2
4140
4141
1
110063
291
1
4142
1
110063
331
1
4142
1767
110103
291
2
4143
4144
1
110143
291
1
4145
1
110143
331
1
4145
2051
110183
291
2
4146
4147
1
110223
291
1
4148
1
110223
331
1
4148
2680
110263
291
2
4149
4150
1
110303
291
1
4151
1
110303
331
1
4151
3442
110343
291
2
4152
4153
1
110383
291
1
4154
1
110383
331
1
4154
421
110423
291
2
4155
4156
1
110463
291
1
4157
1
110463
331
1
4157
3352
110503
291
2
4158
4159
1
110543
291
1
4160
1
110543
331
1
4160
2479
110583
291
2
4161
4162
1
110623
291
1
4163
1
110623
331
1
4163
8669
110663
291
2
4164
4165
1
110703
291
1
4166
1
110703
331
1
4166
2545
110743
291
2
4167
4168
1
110783
291
1
4169
1
110783
331
1
4169
582
110823
291
2
4170
4171
1
110863
291
1
4172
1
110863
331
1
4172
808
110903
291
2
4173
4174
1
110943
291
1
4175
1
110943
331
1
4175
7714
110983
291
2
4176
4177
1
111023
291
1
4178
1
111023
331
1
4178
4066
111063
291
2
4179
4180
1
111103
291
1
4181
1
111103
331
1
4181
2632
111143
291
2
4182
4183
1
111183
291
1
4184
1
111183
331
1
4184
5345
111223
291
2
4185
4186
1
111263
291
1
4187
1
111263
331
1
4187
4785
111303
291
2
4188
4189
1
111343
291
1
4190
1
111343
331
1
4190
300
111383
291
2
4191
4192
1
111423
291
1
4193
1
111423
331
1
4193
5203
111463
291
2
4194
4195
2
111503
291
1
4195
264
111543
291
2
4196
4197
2989
111583
291
1
4201
137
111583
331
2
4198
4199
1
111623
291
1
4200
1
111623
331
1
4200
792
111663
291
1
4201
162
111703
291
2
4202
4203
1
111743
291
1
4204
1
111743
331
1
4204
24067
111783
291
2
4205
4206
1
111823
291
1
4207
1
111823
331
1
4207
5830
111863
291
2
4208
4209
1
111903
291
1
4210
1
111903
331
1
4210
380
111943
291
2
4211
4212
1
111983
291
1
4213
1
111983
331
1
4213
3600
112023
291
2
4214
4215
1
112063
291
1
4216
1
112063
331
1
4216
3825
112103
291
2
4217
4218
1
112143
291
1
4219
1
112143
331
1
4219
2979
112183
291
2
4220
4221
1
112223
291
1
4222
1
112223
331
1
4222
2188
112263
291
2
4223
4224
1
112303
291
1
4225
1
112303
331
1
4225
1785
112343
291
2
4226
4227
1
112383
291
1
4228
1
112383
331
1
4228
876
112423
291
2
4229
4230
1
112463
291
1
4231
1
112463
331
1
4231
1470
112503
291
2
4232
4233
1
112543
291
1
4234
1
112543
331
1
4234
465
112583
291
2
4235
4236
1
112623
291
1
4237
1
112623
331
1
4237
269
112663
291
2
4238
4239
1
112703
291
1
4240
1
112703
331
1
4240
4118
112743
291
2
4241
4242
1
112783
291
1
4243
1
112783
331
1
4243
1136
112823
291
2
4244
4245
1
112863
291
1
4246
1
112863
331
1
4246
2883
112903
291
2
4247
4248
1
112943
291
1
4248
3547
112983
291
2
4249
4250
1
113023
291
1
4250
4389
113063
291
2
4251
4252
1
113103
291
1
4253
1
113103
331
1
4253
555
113143
291
3
4254
4255
4256
1
113183
291
1
4257
1
113183
331
1
4257
2032
113183
371
1
4257
1269
113223
291
2
4258
4259
2
113263
291
1
4259
532
113303
291
2
4260
4261
1
113343
291
1
4262
1
113343
331
1
4262
6384
113383
291
3
4263
4264
4265
13
113423
291
1
4266
13
113423
331
1
4266
13
113423
371
1
4266
29
113463
291
2
4267
4268
1
113503
291
1
4269
1
113503
331
1
4269
11402
113543
291
2
4271
4270
1
113543
331
1
4271
293
113583
291
2
4272
4273
1
113623
291
1
4273
230
113663
291
2
4274
4275
1
113703
291
1
4276
1
113703
331
1
4276
2887
113743
291
2
4277
4278
1
113783
291
1
4279
1
113783
331
1
4279
510
113823
291
2
4280
4281
1
113863
291
1
4282
1
113863
331
1
4282
5835
113903
291
2
4283
4284
1
113943
291
1
4285
1
113943
331
1
4285
1371
113983
291
2
4286
4287
1
114023
291
1
4288
1
114023
331
1
4288
1604
114063
291
2
4289
4290
1
114103
291
1
4291
1
114103
331
1
4291
2306
114143
291
2
4295
4292
86
114143
331
2
4293
4294
159
114183
291
1
4295
1009
114183
331
1
4295
2764
114223
291
2
4296
4297
1
114263
291
1
4298
1
114263
331
1
4298
2814
114303
291
2
4299
4300
2
114343
291
1
4300
209
114383
291
2
4302
4301
18
114383
331
1
4302
540
114423
291
2
4303
4304
1
114463
291
1
4305
1
114463
331
1
4305
1008
114503
291
2
4306
4307
18
114543
291
1
4307
1468
114583
291
2
4308
4309
1
114623
291
1
4310
1
114623
331
1
4310
2607
114663
291
2
4311
4312
1
114703
291
1
4312
265
114743
291
2
4313
4314
750
114783
291
1
4314
478
114823
291
2
4315
4316
1
114863
291
1
4317
1
114863
331
1
4317
3253
114903
291
2
4318
4319
1
114943
291
1
4320
1
114943
331
1
4320
251
114983
291
2
4321
4322
1
115023
291
1
4323
1
115023
331
1
4323
950
115063
291
2
4324
4325
1
115103
291
1
4326
1
115103
331
1
4326
4898
115143
291
2
4327
4328
1
115183
291
1
4329
1
115183
331
1
4329
1740
115223
291
2
4330
4331
1
115263
291
1
4332
1
115263
331
1
4332
1342
115303
291
2
4333
4334
1
115343
291
1
4335
1
115343
331
1
4335
967
115383
291
2
4336
4337
1
115423
291
1
4338
1
115423
331
1
4338
1933
115463
291
2
4339
4340
1
115503
291
1
4341
1
115503
331
1
4341
439
115543
291
2
4342
4343
1
115583
291
1
4344
1
115583
331
1
4344
220
115623
291
2
4345
4346
1
115663
291
1
4347
1
115663
331
1
4347
870
115703
291
2
4348
4349
5
115743
291
1
4349
830
115783
291
2
4350
4351
1
115823
291
1
4352
1
115823
331
1
4352
610
115863
291
2
4353
4354
1
115903
291
1
4355
1
115903
331
1
4355
3951
115943
291
2
4356
4357
1
115983
291
1
4358
1
115983
331
1
4358
330
116023
291
2
4359
4360
1
116063
291
1
4361
1
116063
331
1
4361
4563
116103
291
2
4362
4363
1
116143
291
1
4364
1
116143
331
1
4364
16796
116183
291
2
4365
4366
1
116223
291
1
4367
1
116223
331
1
4367
1300
116263
291
2
4368
4378
1000
116303
291
1
4369
370
116343
291
2
4370
4371
1
116383
291
1
4372
1
116383
331
1
4372
888
116423
291
2
4373
4374
1
116463
291
1
4375
1
116463
331
1
4375
292
116503
291
1
4376
5810
116543
291
1
4377
4517
116583
291
0
1000
116303
331
0
